8000 300 240 
189 286 1 0
38 35 1 0
75 268 1 0
22 11 1 0
20 72 1 0
102 255 1 0
93 256 1 0
12 40 1 0
2 9 1 0
66 249 1 0
211 267 1 0
175 185 1 0
128 277 1 0
153 223 1 0
172 76 1 0
239 79 1 0
194 120 1 0
16 67 1 0
125 257 1 0
102 282 1 0
226 122 1 0
208 157 1 0
208 95 1 0
189 286 1 0
170 209 1 0
138 139 1 0
153 120 1 0
219 176 1 0
161 100 1 0
151 229 1 0
127 120 1 0
158 122 1 0
222 129 1 0
40 269 1 0
156 226 1 0
88 299 1 0
190 115 1 0
101 264 1 0
239 84 1 0
1 59 1 0
47 14 1 0
199 289 1 0
70 49 1 0
140 275 1 0
4 22 1 0
148 221 1 0
128 108 1 0
139 140 1 0
12 54 1 0
5 68 1 0
86 286 1 0
8 243 1 0
36 222 1 0
127 106 1 0
44 97 1 0
233 131 1 0
15 77 1 0
15 291 1 0
203 294 1 0
215 239 1 0
116 15 1 0
7 128 1 0
224 247 1 0
230 156 1 0
63 107 1 0
28 156 1 0
180 106 1 0
235 174 1 0
57 50 1 0
231 214 1 0
48 97 1 0
96 195 1 0
162 99 1 0
158 72 1 0
9 242 1 0
31 40 1 0
204 169 1 0
46 293 1 0
20 47 1 0
131 243 1 0
160 103 1 0
211 246 1 0
166 120 1 0
16 298 1 0
32 225 1 0
101 16 1 0
65 42 1 0
170 67 1 0
191 35 1 0
53 290 1 0
213 257 1 0
74 274 1 0
108 231 1 0
187 81 1 0
168 191 1 0
193 46 1 0
70 192 1 0
153 89 1 0
223 216 1 0
225 290 1 0
48 144 1 0
9 142 1 0
235 185 1 0
168 204 1 0
212 106 1 0
12 192 1 0
46 208 1 0
111 0 1 0
83 204 1 0
111 220 1 0
152 192 1 0
81 231 1 0
27 134 1 0
21 61 1 0
106 74 1 0
221 186 1 0
162 279 1 0
7 254 1 0
172 68 1 0
136 110 1 0
60 80 1 0
12 101 1 0
202 222 1 0
186 191 1 0
8 247 1 0
212 88 1 0
147 226 1 0
37 15 1 0
167 46 1 0
109 88 1 0
195 17 1 0
138 51 1 0
108 242 1 0
100 267 1 0
152 52 1 0
202 238 1 0
230 90 1 0
120 253 1 0
26 216 1 0
177 13 1 0
24 6 1 0
144 23 1 0
192 179 1 0
198 254 1 0
210 164 1 0
217 280 1 0
218 32 1 0
29 196 1 0
110 202 1 0
27 46 1 0
213 163 1 0
96 201 1 0
136 8 1 0
193 295 1 0
218 274 1 0
151 235 1 0
72 30 1 0
218 150 1 0
230 247 1 0
39 47 1 0
11 231 1 0
48 142 1 0
152 243 1 0
208 19 1 0
205 240 1 0
192 68 1 0
217 126 1 0
5 93 1 0
171 82 1 0
16 283 1 0
212 120 1 0
117 260 1 0
27 201 1 0
12 131 1 0
205 7 1 0
225 158 1 0
162 206 1 0
21 191 1 0
39 5 1 0
152 97 1 0
107 270 1 0
118 38 1 0
191 297 1 0
32 218 1 0
24 38 1 0
44 185 1 0
184 48 1 0
164 123 1 0
80 191 1 0
97 237 1 0
10 52 1 0
161 260 1 0
235 188 1 0
96 239 1 0
4 152 1 0
70 47 1 0
94 252 1 0
170 181 1 0
103 273 1 0
7 279 1 0
54 122 1 0
134 29 1 0
71 289 1 0
46 134 1 0
9 131 1 0
147 278 1 0
26 78 1 0
21 70 1 0
219 108 1 0
221 178 1 0
223 253 1 0
130 254 1 0
181 9 1 0
237 115 1 0
229 55 1 0
106 294 1 0
34 186 1 0
17 258 1 0
142 111 1 0
210 200 1 0
208 140 1 0
158 232 1 0
126 38 1 0
132 60 1 0
205 176 1 0
5 168 1 0
111 97 1 0
73 295 1 0
173 270 1 0
46 180 1 0
9 104 1 0
23 291 1 0
229 176 1 0
57 194 1 0
171 36 1 0
205 133 1 0
103 6 1 0
14 262 1 0
165 1 1 0
172 239 1 0
86 14 1 0
85 50 1 0
122 65 1 0
62 188 1 0
184 247 1 0
19 112 1 0
226 123 1 0
123 92 1 0
40 5 1 0
119 6 1 0
17 298 1 0
69 2 1 0
29 207 1 0
215 224 1 0
107 246 1 0
201 23 1 0
187 116 1 0
42 235 1 0
143 38 1 0
226 240 1 0
13 220 1 0
12 183 1 0
30 151 1 0
132 111 1 0
227 259 1 0
19 99 1 0
57 91 1 0
136 225 1 0
72 242 1 0
179 49 1 0
153 209 1 0
11 133 1 0
61 238 1 0
174 61 1 0
110 264 1 0
196 230 1 0
115 6 1 0
219 143 1 0
223 153 1 0
64 276 1 0
140 202 1 0
111 273 1 0
52 69 1 0
52 223 1 0
163 26 1 0
121 297 1 0
189 0 1 0
152 42 1 0
64 239 1 0
10 209 1 0
50 126 1 0
12 125 1 0
52 120 1 0
52 211 1 0
93 48 1 0
170 63 1 0
138 24 1 0
20 11 1 0
94 18 1 0
65 197 1 0
192 67 1 0
106 193 1 0
63 62 1 0
239 85 1 0
239 2 1 0
215 191 1 0
114 197 1 0
44 90 1 0
64 231 1 0
19 288 1 0
59 255 1 0
105 270 1 0
39 246 1 0
96 39 1 0
186 21 1 0
85 278 1 0
213 14 1 0
80 8 1 0
43 29 1 0
84 50 1 0
214 189 1 0
17 78 1 0
93 29 1 0
90 37 1 0
191 57 1 0
57 110 1 0
171 222 1 0
155 281 1 0
198 246 1 0
9 135 1 0
233 253 1 0
118 295 1 0
13 9 1 0
80 189 1 0
11 113 1 0
125 205 1 0
119 7 1 0
216 263 1 0
126 14 1 0
32 96 1 0
192 61 1 0
129 142 1 0
48 252 1 0
184 129 1 0
179 81 1 0
19 104 1 0
131 23 1 0
40 294 1 0
34 140 1 0
227 210 1 0
196 245 1 0
222 0 1 0
171 206 1 0
91 211 1 0
146 259 1 0
200 177 1 0
14 180 1 0
156 133 1 0
152 61 1 0
147 111 1 0
165 79 1 0
15 182 1 0
177 93 1 0
11 174 1 0
84 3 1 0
21 149 1 0
39 212 1 0
0 177 1 0
183 128 1 0
168 82 1 0
41 294 1 0
184 269 1 0
99 238 1 0
106 265 1 0
91 239 1 0
63 270 1 0
13 143 1 0
20 265 1 0
21 273 1 0
203 287 1 0
16 246 1 0
222 278 1 0
209 11 1 0
64 89 1 0
213 223 1 0
14 191 1 0
17 279 1 0
216 198 1 0
232 283 1 0
219 249 1 0
147 269 1 0
195 65 1 0
52 35 1 0
174 1 1 0
182 68 1 0
171 65 1 0
157 51 1 0
148 13 1 0
51 44 1 0
82 12 1 0
39 199 1 0
70 275 1 0
16 111 1 0
159 131 1 0
10 187 1 0
189 50 1 0
231 108 1 0
130 19 1 0
122 131 1 0
215 85 1 0
5 9 1 0
97 265 1 0
185 246 1 0
183 137 1 0
117 53 1 0
2 23 1 0
183 18 1 0
59 57 1 0
119 195 1 0
62 85 1 0
23 297 1 0
116 246 1 0
149 289 1 0
186 255 1 0
207 32 1 0
64 119 1 0
167 65 1 0
39 270 1 0
48 213 1 0
172 43 1 0
142 138 1 0
233 95 1 0
195 232 1 0
40 86 1 0
120 285 1 0
137 226 1 0
82 36 1 0
7 256 1 0
232 186 1 0
192 294 1 0
211 171 1 0
38 230 1 0
202 16 1 0
159 116 1 0
153 52 1 0
212 99 1 0
212 129 1 0
121 20 1 0
88 221 1 0
205 134 1 0
27 7 1 0
104 35 1 0
180 65 1 0
7 150 1 0
60 292 1 0
118 248 1 0
37 17 1 0
56 16 1 0
16 22 1 0
191 182 1 0
223 8 1 0
202 239 1 0
130 229 1 0
24 11 1 0
46 83 1 0
12 66 1 0
57 91 1 0
202 14 1 0
220 128 1 0
223 20 1 0
26 73 1 0
235 118 1 0
99 5 1 0
133 53 1 0
236 293 1 0
117 52 1 0
224 203 1 0
200 118 1 0
219 70 1 0
36 212 1 0
154 51 1 0
90 287 1 0
88 262 1 0
129 230 1 0
142 285 1 0
236 20 1 0
119 96 1 0
28 213 1 0
164 207 1 0
99 87 1 0
202 6 1 0
177 254 1 0
211 206 1 0
186 138 1 0
191 178 1 0
130 133 1 0
195 207 1 0
148 54 1 0
26 251 1 0
5 199 1 0
224 150 1 0
106 72 1 0
89 214 1 0
160 213 1 0
53 86 1 0
234 266 1 0
235 264 1 0
132 11 1 0
75 223 1 0
61 75 1 0
80 289 1 0
146 97 1 0
143 62 1 0
36 33 1 0
81 210 1 0
142 65 1 0
230 146 1 0
218 254 1 0
169 107 1 0
94 18 1 0
198 130 1 0
26 179 1 0
176 124 1 0
17 136 1 0
228 97 1 0
73 202 1 0
1 290 1 0
78 45 1 0
180 70 1 0
226 112 1 0
218 32 1 0
184 184 1 0
142 73 1 0
157 28 1 0
46 39 1 0
232 116 1 0
45 84 1 0
185 65 1 0
2 299 1 0
221 244 1 0
68 199 1 0
33 111 1 0
12 156 1 0
113 240 1 0
99 279 1 0
8 6 1 0
233 227 1 0
161 19 1 0
49 144 1 0
16 182 1 0
227 229 1 0
223 278 1 0
208 164 1 0
28 198 1 0
225 34 1 0
196 69 1 0
26 9 1 0
86 286 1 0
34 108 1 0
30 36 1 0
148 276 1 0
190 280 1 0
169 37 1 0
179 141 1 0
225 287 1 0
236 126 1 0
11 157 1 0
158 0 1 0
28 177 1 0
228 71 1 0
161 264 1 0
48 56 1 0
8 240 1 0
7 244 1 0
234 171 1 0
212 174 1 0
189 167 1 0
193 179 1 0
26 55 1 0
147 82 1 0
162 261 1 0
44 292 1 0
52 1 1 0
33 179 1 0
106 267 1 0
102 5 1 0
103 31 1 0
219 219 1 0
113 7 1 0
59 254 1 0
38 191 1 0
35 261 1 0
166 62 1 0
4 258 1 0
60 46 1 0
13 52 1 0
141 279 1 0
36 218 1 0
180 26 1 0
239 269 1 0
167 189 1 0
44 178 1 0
231 285 1 0
26 14 1 0
204 176 1 0
56 11 1 0
204 45 1 0
199 272 1 0
72 227 1 0
149 38 1 0
32 251 1 0
235 28 1 0
119 4 1 0
42 179 1 0
239 225 1 0
130 127 1 0
48 214 1 0
67 201 1 0
226 255 1 0
125 114 1 0
40 98 1 0
235 18 1 0
33 200 1 0
151 292 1 0
107 289 1 0
3 167 1 0
186 56 1 0
109 287 1 0
182 179 1 0
229 243 1 0
94 209 1 0
97 28 1 0
19 24 1 0
205 272 1 0
148 71 1 0
216 197 1 0
177 81 1 0
209 272 1 0
204 217 1 0
155 273 1 0
146 198 1 0
69 276 1 0
84 263 1 0
53 197 1 0
178 95 1 0
220 282 1 0
38 157 1 0
33 77 1 0
105 284 1 0
207 31 1 0
86 53 1 0
97 79 1 0
126 253 1 0
219 185 1 0
126 16 1 0
0 169 1 0
102 240 1 0
175 212 1 0
237 292 1 0
11 270 1 0
98 17 1 0
3 49 1 0
51 219 1 0
147 289 1 0
148 211 1 0
170 274 1 0
231 259 1 0
108 79 1 0
120 52 1 0
204 145 1 0
218 208 1 0
57 115 1 0
238 266 1 0
69 298 1 0
142 22 1 0
26 67 1 0
98 39 1 0
73 291 1 0
174 233 1 0
128 16 1 0
194 58 1 0
7 259 1 0
145 9 1 0
233 242 1 0
162 230 1 0
14 16 1 0
69 45 1 0
41 94 1 0
94 245 1 0
25 154 1 0
6 122 1 0
33 79 1 0
211 103 1 0
179 211 1 0
90 259 1 0
214 109 1 0
69 209 1 0
193 103 1 0
29 186 1 0
181 17 1 0
131 205 1 0
113 19 1 0
159 96 1 0
168 121 1 0
170 190 1 0
174 34 1 0
204 87 1 0
7 46 1 0
136 51 1 0
14 82 1 0
102 16 1 0
163 94 1 0
61 66 1 0
108 289 1 0
140 29 1 0
165 67 1 0
149 130 1 0
157 186 1 0
186 206 1 0
190 77 1 0
46 283 1 0
110 279 1 0
209 193 1 0
235 187 1 0
29 261 1 0
172 14 1 0
186 99 1 0
26 270 1 0
3 186 1 0
106 79 1 0
95 84 1 0
10 166 1 0
90 231 1 0
113 210 1 0
123 276 1 0
210 214 1 0
37 223 1 0
80 299 1 0
61 269 1 0
58 209 1 0
59 87 1 0
161 124 1 0
206 144 1 0
230 164 1 0
204 154 1 0
39 172 1 0
192 107 1 0
227 11 1 0
137 195 1 0
234 197 1 0
216 253 1 0
180 32 1 0
92 23 1 0
131 133 1 0
197 90 1 0
47 34 1 0
4 241 1 0
22 32 1 0
236 34 1 0
215 211 1 0
131 42 1 0
235 27 1 0
30 227 1 0
16 59 1 0
6 60 1 0
31 58 1 0
26 161 1 0
99 296 1 0
226 286 1 0
222 132 1 0
128 123 1 0
116 285 1 0
44 276 1 0
48 264 1 0
185 86 1 0
3 87 1 0
143 135 1 0
193 26 1 0
201 289 1 0
126 125 1 0
127 283 1 0
58 105 1 0
216 236 1 0
36 213 1 0
39 79 1 0
204 211 1 0
83 29 1 0
125 111 1 0
162 232 1 0
174 182 1 0
189 77 1 0
62 1 1 0
176 73 1 0
20 103 1 0
11 255 1 0
137 220 1 0
38 160 1 0
99 250 1 0
160 194 1 0
218 67 1 0
29 229 1 0
215 298 1 0
153 205 1 0
33 73 1 0
51 222 1 0
137 139 1 0
106 255 1 0
218 204 1 0
68 211 1 0
61 20 1 0
42 252 1 0
201 11 1 0
157 226 1 0
154 115 1 0
202 186 1 0
222 244 1 0
78 206 1 0
219 224 1 0
50 258 1 0
99 285 1 0
208 239 1 0
218 13 1 0
25 146 1 0
123 203 1 0
19 296 1 0
92 29 1 0
236 60 1 0
102 234 1 0
236 241 1 0
197 264 1 0
148 212 1 0
35 234 1 0
217 30 1 0
105 33 1 0
124 278 1 0
144 237 1 0
201 183 1 0
108 276 1 0
134 77 1 0
46 36 1 0
119 286 1 0
8 279 1 0
156 265 1 0
174 260 1 0
162 80 1 0
32 223 1 0
138 271 1 0
153 75 1 0
191 293 1 0
42 38 1 0
122 90 1 0
179 110 1 0
176 238 1 0
217 63 1 0
117 54 1 0
69 10 1 0
146 78 1 0
60 99 1 0
167 63 1 0
147 191 1 0
101 198 1 0
32 28 1 0
31 170 1 0
41 137 1 0
149 208 1 0
198 294 1 0
186 190 1 0
205 264 1 0
116 105 1 0
218 71 1 0
37 39 1 0
138 295 1 0
1 150 1 0
28 27 1 0
201 24 1 0
160 75 1 0
237 226 1 0
26 271 1 0
126 24 1 0
179 40 1 0
138 34 1 0
142 53 1 0
87 18 1 0
58 143 1 0
155 114 1 0
119 31 1 0
88 30 1 0
41 84 1 0
148 193 1 0
51 189 1 0
146 285 1 0
181 75 1 0
21 4 1 0
186 80 1 0
7 183 1 0
58 41 1 0
5 134 1 0
118 90 1 0
122 42 1 0
197 38 1 0
34 244 1 0
213 153 1 0
115 199 1 0
233 24 1 0
22 254 1 0
235 132 1 0
85 6 1 0
232 177 1 0
92 76 1 0
70 185 1 0
175 129 1 0
118 119 1 0
141 25 1 0
218 51 1 0
166 47 1 0
219 233 1 0
67 199 1 0
0 81 1 0
236 137 1 0
149 41 1 0
126 80 1 0
98 96 1 0
133 251 1 0
174 56 1 0
136 268 1 0
10 83 1 0
128 103 1 0
228 230 1 0
122 2 1 0
234 5 1 0
220 87 1 0
102 72 1 0
114 58 1 0
26 144 1 0
9 222 1 0
193 76 1 0
96 209 1 0
144 29 1 0
65 39 1 0
157 88 1 0
142 59 1 0
134 44 1 0
167 77 1 0
108 229 1 0
29 174 1 0
131 262 1 0
84 261 1 0
132 64 1 0
230 170 1 0
108 290 1 0
107 220 1 0
147 226 1 0
151 91 1 0
109 289 1 0
168 270 1 0
85 230 1 0
75 21 1 0
226 265 1 0
139 297 1 0
38 143 1 0
5 2 1 0
199 204 1 0
163 109 1 0
51 292 1 0
177 101 1 0
118 195 1 0
111 41 1 0
137 283 1 0
17 36 1 0
207 220 1 0
37 2 1 0
72 37 1 0
124 128 1 0
130 280 1 0
23 146 1 0
31 191 1 0
219 31 1 0
108 236 1 0
23 275 1 0
55 225 1 0
207 99 1 0
14 203 1 0
155 11 1 0
234 250 1 0
198 228 1 0
116 3 1 0
109 292 1 0
158 47 1 0
35 98 1 0
25 233 1 0
21 216 1 0
155 187 1 0
73 235 1 0
191 192 1 0
205 284 1 0
152 84 1 0
223 233 1 0
221 227 1 0
186 222 1 0
227 37 1 0
55 293 1 0
81 251 1 0
210 237 1 0
100 257 1 0
145 226 1 0
10 60 1 0
228 96 1 0
148 266 1 0
55 270 1 0
130 192 1 0
184 35 1 0
172 117 1 0
3 166 1 0
198 198 1 0
95 220 1 0
59 41 1 0
13 145 1 0
79 37 1 0
42 39 1 0
195 286 1 0
9 230 1 0
90 250 1 0
183 60 1 0
189 182 1 0
60 35 1 0
143 201 1 0
210 179 1 0
86 19 1 0
150 212 1 0
74 91 1 1
103 114 1 1
177 152 1 1
108 157 1 1
150 181 1 1
80 99 1 1
166 145 1 1
121 141 1 1
90 140 1 1
84 180 1 1
131 158 1 1
86 122 1 1
42 156 1 1
136 185 1 1
56 155 1 1
175 172 1 1
111 121 1 1
53 154 1 1
111 140 1 1
113 178 1 1
80 159 1 1
166 163 1 1
139 144 1 1
174 153 1 1
164 163 1 1
192 158 1 1
68 152 1 1
89 165 1 1
89 83 1 1
85 128 1 1
131 186 1 1
113 127 1 1
100 147 1 1
75 88 1 1
169 165 1 1
160 176 1 1
85 147 1 1
50 151 1 1
76 109 1 1
44 146 1 1
164 159 1 1
105 147 1 1
94 169 1 1
62 127 1 1
136 144 1 1
120 153 1 1
101 165 1 1
96 176 1 1
54 163 1 1
77 171 1 1
161 178 1 1
92 176 1 1
180 145 1 1
179 155 1 1
73 147 1 1
106 121 1 1
94 159 1 1
116 175 1 1
178 156 1 1
71 178 1 1
88 89 1 1
80 112 1 1
74 105 1 1
126 164 1 1
106 150 1 1
41 150 1 1
92 173 1 1
110 180 1 1
199 139 1 1
158 151 1 1
180 148 1 1
87 101 1 1
94 142 1 1
193 140 1 1
101 167 1 1
90 93 1 1
97 180 1 1
176 167 1 1
86 62 1 1
80 107 1 1
157 160 1 1
47 162 1 1
112 109 1 1
70 82 1 1
158 160 1 1
139 165 1 1
75 122 1 1
93 90 1 1
146 184 1 1
68 115 1 1
116 187 1 1
90 104 1 1
98 190 1 1
115 121 1 1
79 154 1 1
100 126 1 1
75 88 1 1
76 138 1 1
88 115 1 1
83 74 1 1
95 162 1 1
143 167 1 1
186 160 1 1
90 164 1 1
80 75 1 1
90 126 1 1
161 163 1 1
67 108 1 1
139 185 1 1
50 153 1 1
78 120 1 1
65 156 1 1
79 73 1 1
89 138 1 1
89 88 1 1
117 145 1 1
121 174 1 1
64 142 1 1
89 143 1 1
106 168 1 1
80 183 1 1
86 90 1 1
102 170 1 1
70 119 1 1
73 90 1 1
90 121 1 1
150 164 1 1
84 96 1 1
61 135 1 1
72 72 1 1
82 179 1 1
152 178 1 1
74 130 1 1
72 114 1 1
110 119 1 1
112 175 1 1
72 95 1 1
189 154 1 1
89 134 1 1
176 153 1 1
91 130 1 1
85 148 1 1
78 176 1 1
104 178 1 1
75 64 1 1
109 177 1 1
149 177 1 1
94 99 1 1
88 135 1 1
56 151 1 1
88 68 1 1
85 67 1 1
94 157 1 1
82 175 1 1
105 122 1 1
96 104 1 1
139 184 1 1
89 65 1 1
184 168 1 1
93 184 1 1
105 178 1 1
82 171 1 1
171 146 1 1
174 148 1 1
58 147 1 1
117 170 1 1
82 76 1 1
165 155 1 1
77 183 1 1
105 190 1 1
64 135 1 1
98 183 1 1
73 145 1 1
131 187 1 1
77 98 1 1
70 70 1 1
99 152 1 1
85 79 1 1
84 187 1 1
135 181 1 1
42 161 1 1
118 184 1 1
69 132 1 1
103 161 1 1
171 157 1 1
46 153 1 1
90 64 1 1
55 149 1 1
125 154 1 1
101 103 1 1
66 134 1 1
80 161 1 1
87 69 1 1
102 134 1 1
174 150 1 1
162 145 1 1
79 129 1 1
75 152 1 1
79 95 1 1
111 162 1 1
112 163 1 1
82 66 1 1
133 183 1 1
81 91 1 1
100 164 1 1
161 156 1 1
80 65 1 1
95 174 1 1
124 183 1 1
92 116 1 1
115 155 1 1
121 175 1 1
71 168 1 1
80 165 1 1
96 175 1 1
49 165 1 1
111 102 1 1
96 144 1 1
86 163 1 1
175 167 1 1
119 157 1 1
83 129 1 1
151 173 1 1
77 158 1 1
109 160 1 1
85 82 1 1
101 109 1 1
77 173 1 1
68 108 1 1
59 168 1 1
86 62 1 1
102 165 1 1
48 165 1 1
92 105 1 1
129 173 1 1
67 108 1 1
69 81 1 1
40 150 1 1
122 146 1 1
125 182 1 1
146 170 1 1
110 177 1 1
90 68 1 1
120 175 1 1
137 151 1 1
138 157 1 1
111 150 1 1
100 115 1 1
138 165 1 1
77 133 1 1
76 140 1 1
90 177 1 1
138 149 1 1
65 138 1 1
137 154 1 1
112 118 1 1
92 132 1 1
85 94 1 1
75 127 1 1
82 107 1 1
193 153 1 1
139 163 1 1
76 142 1 1
73 63 1 1
199 139 1 1
60 170 1 1
183 161 1 1
129 169 1 1
96 135 1 1
80 71 1 1
57 161 1 1
111 180 1 1
167 173 1 1
52 151 1 1
145 179 1 1
106 127 1 1
87 93 1 1
73 71 1 1
66 112 1 1
181 166 1 1
155 152 1 1
162 144 1 1
99 171 1 1
89 167 1 1
90 126 1 1
137 152 1 1
131 184 1 1
115 189 1 1
188 164 1 1
118 146 1 1
164 159 1 1
94 111 1 1
103 146 1 1
114 130 1 1
83 90 1 1
102 149 1 1
90 178 1 1
118 154 1 1
114 132 1 1
98 164 1 1
125 145 1 1
140 174 1 1
72 161 1 1
139 187 1 1
103 167 1 1
82 159 1 1
158 168 1 1
86 161 1 1
85 74 1 1
145 182 1 1
74 147 1 1
80 148 1 1
167 162 1 1
72 102 1 1
93 108 1 1
90 112 1 1
113 103 1 1
193 145 1 1
83 182 1 1
195 144 1 1
134 167 1 1
101 159 1 1
69 171 1 1
154 172 1 1
153 174 1 1
158 169 1 1
110 168 1 1
162 154 1 1
48 150 1 1
116 174 1 1
86 102 1 1
48 160 1 1
72 77 1 1
174 151 1 1
83 85 1 1
100 150 1 1
94 145 1 1
82 170 1 1
96 96 1 1
97 177 1 1
74 73 1 1
108 149 1 1
169 168 1 1
147 160 1 1
79 99 1 1
129 179 1 1
96 181 1 1
93 106 1 1
75 109 1 1
176 163 1 1
63 173 1 1
80 121 1 1
132 149 1 1
92 153 1 1
77 166 1 1
138 145 1 1
73 138 1 1
74 163 1 1
81 64 1 1
184 148 1 1
144 180 1 1
76 104 1 1
78 66 1 1
114 161 1 1
64 140 1 1
72 148 1 1
71 95 1 1
78 86 1 1
90 130 1 1
180 165 1 1
100 154 1 1
48 168 1 1
174 150 1 1
87 101 1 1
86 165 1 1
111 137 1 1
76 71 1 1
169 150 1 1
175 157 1 1
80 79 1 1
194 155 1 1
113 127 1 1
65 144 1 1
99 115 1 1
75 114 1 1
161 177 1 1
143 152 1 1
147 179 1 1
101 170 1 1
135 159 1 1
135 154 1 1
87 176 1 1
113 165 1 1
177 143 1 1
110 137 1 1
53 161 1 1
61 165 1 1
65 129 1 1
68 115 1 1
98 129 1 1
71 179 1 1
90 187 1 1
50 169 1 1
100 161 1 1
84 139 1 1
157 167 1 1
72 142 1 1
86 165 1 1
113 150 1 1
101 183 1 1
72 126 1 1
97 172 1 1
83 89 1 1
80 140 1 1
86 166 1 1
193 144 1 1
66 117 1 1
105 108 1 1
74 175 1 1
154 155 1 1
84 183 1 1
190 155 1 1
67 128 1 1
78 140 1 1
84 170 1 1
84 157 1 1
84 95 1 1
170 165 1 1
150 160 1 1
72 136 1 1
92 102 1 1
115 118 1 1
84 103 1 1
76 148 1 1
69 90 1 1
96 166 1 1
71 165 1 1
85 135 1 1
75 177 1 1
106 105 1 1
76 92 1 1
78 111 1 1
73 112 1 1
102 157 1 1
90 179 1 1
67 143 1 1
79 175 1 1
147 174 1 1
95 137 1 1
70 106 1 1
142 186 1 1
99 185 1 1
122 172 1 1
107 172 1 1
132 145 1 1
176 159 1 1
42 170 1 1
146 182 1 1
75 176 1 1
183 148 1 1
71 179 1 1
124 173 1 1
127 144 1 1
103 142 1 1
63 130 1 1
91 87 1 1
88 133 1 1
100 105 1 1
121 181 1 1
92 108 1 1
84 126 1 1
141 170 1 1
185 148 1 1
106 114 1 1
188 146 1 1
70 93 1 1
96 181 1 1
106 158 1 1
193 154 1 1
77 167 1 1
109 140 1 1
169 146 1 1
96 111 1 1
69 156 1 1
88 187 1 1
70 123 1 1
192 151 1 1
201 141 1 1
169 161 1 1
152 178 1 1
71 88 1 1
123 155 1 1
115 150 1 1
102 165 1 1
116 159 1 1
117 165 1 1
168 152 1 1
72 139 1 1
133 162 1 1
73 72 1 1
46 160 1 1
81 97 1 1
150 178 1 1
195 136 1 1
86 91 1 1
84 175 1 1
126 143 1 1
111 111 1 1
115 139 1 1
179 168 1 1
98 105 1 1
78 79 1 1
145 169 1 1
49 160 1 1
75 128 1 1
59 173 1 1
162 152 1 1
154 147 1 1
54 171 1 1
151 183 1 1
89 167 1 1
75 147 1 1
82 90 1 1
98 124 1 1
137 157 1 1
73 90 1 1
94 117 1 1
87 62 1 1
165 164 1 1
116 153 1 1
152 145 1 1
76 84 1 1
73 106 1 1
105 105 1 1
66 137 1 1
82 143 1 1
187 166 1 1
100 112 1 1
78 139 1 1
96 147 1 1
92 138 1 1
75 182 1 1
177 158 1 1
44 151 1 1
147 169 1 1
89 99 1 1
77 88 1 1
115 161 1 1
168 143 1 1
88 111 1 1
97 152 1 1
149 177 1 1
121 168 1 1
112 149 1 1
126 174 1 1
110 133 1 1
116 171 1 1
76 68 1 1
72 69 1 1
130 161 1 1
84 157 1 1
84 122 1 1
95 155 1 1
148 159 1 1
123 160 1 1
47 172 1 1
113 136 1 1
96 97 1 1
92 132 1 1
130 158 1 1
151 180 1 1
115 163 1 1
39 149 1 1
146 147 1 1
84 93 1 1
84 138 1 1
72 151 1 1
76 80 1 1
72 129 1 1
75 66 1 1
66 102 1 1
111 109 1 1
54 166 1 1
165 152 1 1
80 75 1 1
85 80 1 1
141 185 1 1
123 163 1 1
180 144 1 1
179 163 1 1
90 146 1 1
184 149 1 1
57 166 1 1
120 169 1 1
83 127 1 1
120 161 1 1
150 181 1 1
164 144 1 1
130 146 1 1
74 169 1 1
103 164 1 1
77 64 1 1
83 97 1 1
86 88 1 1
54 149 1 1
159 149 1 1
75 144 1 1
52 159 1 1
163 166 1 1
54 146 1 1
125 158 1 1
68 172 1 1
112 142 1 1
152 170 1 1
161 162 1 1
79 160 1 1
88 108 1 1
83 128 1 1
96 187 1 1
96 113 1 1
141 164 1 1
125 190 1 1
76 84 1 1
93 138 1 1
92 138 1 1
75 177 1 1
88 117 1 1
77 88 1 1
180 160 1 1
77 152 1 1
154 150 1 1
138 150 1 1
107 134 1 1
156 164 1 1
91 124 1 1
128 159 1 1
182 152 1 1
69 173 1 1
119 153 1 1
52 149 1 1
98 162 1 1
86 81 1 1
104 103 1 1
74 125 1 1
49 164 1 1
123 158 1 1
100 107 1 1
109 163 1 1
69 85 1 1
95 178 1 1
89 163 1 1
114 165 1 1
181 153 1 1
87 162 1 1
73 66 1 1
133 163 1 1
58 159 1 1
99 159 1 1
86 179 1 1
39 147 1 1
176 163 1 1
151 150 1 1
97 133 1 1
82 118 1 1
68 82 1 1
185 146 1 1
68 122 1 1
82 147 1 1
150 162 1 1
84 81 1 1
70 140 1 1
81 94 1 1
101 182 1 1
182 160 1 1
194 148 1 1
99 139 1 1
157 172 1 1
88 133 1 1
78 174 1 1
143 184 1 1
122 149 1 1
86 123 1 1
89 128 1 1
126 172 1 1
74 69 1 1
94 129 1 1
129 182 1 1
115 181 1 1
131 153 1 1
86 138 1 1
76 61 1 1
103 141 1 1
69 151 1 1
78 80 1 1
119 179 1 1
117 184 1 1
189 138 1 1
119 145 1 1
65 171 1 1
115 161 1 1
86 98 1 1
177 144 1 1
83 94 1 1
170 158 1 1
68 81 1 1
69 95 1 1
62 128 1 1
119 153 1 1
128 179 1 1
167 148 1 1
115 136 1 1
97 110 1 1
125 171 1 1
131 187 1 1
79 119 1 1
183 156 1 1
116 164 1 1
78 88 1 1
89 150 1 1
174 165 1 1
123 181 1 1
137 145 1 1
113 108 1 1
99 161 1 1
106 157 1 1
95 131 1 1
198 135 1 1
39 147 1 1
189 152 1 1
51 155 1 1
150 152 1 1
100 159 1 1
105 147 1 1
42 167 1 1
118 163 1 1
87 105 1 1
119 178 1 1
78 171 1 1
68 158 1 1
199 137 1 1
132 148 1 1
80 127 1 1
86 104 1 1
42 152 1 1
76 85 1 1
141 143 1 1
101 145 1 1
192 140 1 1
177 152 1 1
95 156 1 1
90 168 1 1
135 168 1 1
100 122 1 1
120 189 1 1
117 168 1 1
100 143 1 1
93 138 1 1
86 87 1 1
82 147 1 1
77 137 1 1
72 155 1 1
130 181 1 1
171 171 1 1
153 150 1 1
80 84 1 1
90 138 1 1
110 187 1 1
144 145 1 1
90 175 1 1
75 120 1 1
65 126 1 1
75 157 1 1
70 98 1 1
191 150 1 1
125 164 1 1
173 161 1 1
124 170 1 1
157 176 1 1
87 186 1 1
155 147 1 1
98 186 1 1
151 159 1 1
55 158 1 1
124 181 1 1
86 174 1 1
66 122 1 1
48 149 1 1
93 118 1 1
96 164 1 1
143 143 1 1
72 73 1 1
61 128 1 1
81 110 1 1
161 178 1 1
74 101 1 1
100 122 1 1
106 185 1 1
114 152 1 1
153 161 1 1
119 154 1 1
143 162 1 1
91 72 1 1
102 156 1 1
89 59 1 1
112 184 1 1
157 165 1 1
100 123 1 1
191 141 1 1
79 157 1 1
73 138 1 1
137 151 1 1
87 154 1 1
91 128 1 1
52 164 1 1
71 179 1 1
81 147 1 1
164 167 1 1
44 157 1 1
181 162 1 1
95 90 1 1
123 166 1 1
59 156 1 1
140 183 1 1
92 190 1 1
72 71 1 1
147 164 1 1
69 139 1 1
64 128 1 1
81 113 1 1
86 166 1 1
111 165 1 1
140 170 1 1
165 170 1 1
188 166 1 1
97 115 1 1
48 149 1 1
87 63 1 1
80 160 1 1
189 150 1 1
128 178 1 1
101 115 1 1
73 130 1 1
39 158 1 1
47 166 1 1
169 155 1 1
79 176 1 1
164 158 1 1
117 178 1 1
91 124 1 1
109 107 1 1
88 105 1 1
117 162 1 1
101 158 1 1
79 157 1 1
80 160 1 1
87 182 1 1
123 162 1 1
128 162 1 1
72 124 1 1
91 134 1 1
53 151 1 1
143 189 1 1
82 64 1 1
91 175 1 1
143 146 1 1
102 125 1 1
145 180 1 1
110 166 1 1
115 122 1 1
54 159 1 1
57 163 1 1
186 158 1 1
79 124 1 1
153 157 1 1
76 132 1 1
79 181 1 1
143 174 1 1
89 96 1 1
130 158 1 1
87 187 1 1
199 149 1 1
126 184 1 1
40 149 1 1
108 160 1 1
53 172 1 1
81 108 1 1
77 114 1 1
194 163 1 1
72 102 1 1
158 159 1 1
49 148 1 1
121 182 1 1
68 158 1 1
137 158 1 1
188 158 1 1
45 172 1 1
76 123 1 1
154 155 1 1
99 104 1 1
73 89 1 1
74 136 1 1
141 149 1 1
58 161 1 1
60 165 1 1
108 106 1 1
141 150 1 1
80 156 1 1
74 151 1 1
165 146 1 1
124 144 1 1
83 116 1 1
81 147 1 1
92 158 1 1
85 109 1 1
78 114 1 1
102 140 1 1
154 161 1 1
132 149 1 1
116 148 1 1
53 172 1 1
132 176 1 1
117 155 1 1
91 98 1 1
98 153 1 1
101 171 1 1
55 164 1 1
84 135 1 1
200 147 1 1
109 123 1 1
102 128 1 1
105 153 1 1
185 162 1 1
75 141 1 1
71 98 1 1
82 184 1 1
133 161 1 1
89 132 1 1
71 109 1 1
185 145 1 1
170 167 1 1
105 103 1 1
191 147 1 1
151 154 1 1
97 144 1 1
134 159 1 1
159 167 1 1
76 74 1 1
160 163 1 1
167 174 1 1
109 140 1 1
66 136 1 1
109 132 1 1
111 121 1 1
62 127 1 1
158 152 1 1
54 150 1 1
94 105 1 1
65 164 1 1
180 160 1 1
78 117 1 1
81 113 1 1
80 101 1 1
168 160 1 1
70 107 1 1
60 146 1 1
102 157 1 1
128 161 1 1
94 89 1 1
79 139 1 1
196 152 1 1
156 180 1 1
96 96 1 1
130 168 1 1
69 85 1 1
93 105 1 1
47 154 1 1
90 114 1 1
147 170 1 1
101 158 1 1
65 181 1 1
151 144 1 1
124 165 1 1
194 149 1 1
56 167 1 1
101 114 1 1
131 147 1 1
115 188 1 1
153 181 1 1
86 146 1 1
68 112 1 1
192 141 1 1
68 141 1 1
107 187 1 1
93 152 1 1
154 152 1 1
170 167 1 1
171 162 1 1
69 82 1 1
173 153 1 1
111 159 1 1
177 156 1 1
100 178 1 1
108 118 1 1
106 165 1 1
133 153 1 1
108 160 1 1
81 85 1 1
79 96 1 1
99 156 1 1
127 159 1 1
114 128 1 1
200 141 1 1
76 167 1 1
191 158 1 1
143 181 1 1
188 155 1 1
76 143 1 1
91 187 1 1
87 69 1 1
69 155 1 1
114 147 1 1
152 169 1 1
85 172 1 1
97 117 1 1
81 160 1 1
41 172 1 1
97 156 1 1
143 150 1 1
80 115 1 1
163 175 1 1
52 156 1 1
103 128 1 1
72 159 1 1
76 168 1 1
61 130 1 1
170 148 1 1
121 172 1 1
77 165 1 1
90 111 1 1
189 153 1 1
81 152 1 1
154 151 1 1
82 109 1 1
66 132 1 1
113 176 1 1
106 112 1 1
85 179 1 1
119 153 1 1
101 103 1 1
74 179 1 1
73 121 1 1
101 143 1 1
132 144 1 1
117 168 1 1
153 181 1 1
190 147 1 1
92 184 1 1
138 162 1 1
66 174 1 1
137 189 1 1
144 180 1 1
111 152 1 1
75 75 1 1
134 174 1 1
170 161 1 1
117 146 1 1
62 161 1 1
115 117 1 1
54 151 1 1
118 185 1 1
78 122 1 1
86 168 1 1
70 74 1 1
70 132 1 1
66 174 1 1
68 150 1 1
184 146 1 1
168 174 1 1
84 100 1 1
102 173 1 1
117 165 1 1
100 132 1 1
156 172 1 1
167 170 1 1
121 179 1 1
115 184 1 1
80 116 1 1
71 68 1 1
81 98 1 1
58 170 1 1
118 189 1 1
93 178 1 1
113 150 1 1
97 189 1 1
74 145 1 1
115 164 1 1
85 131 1 1
126 164 1 1
104 104 1 1
119 171 1 1
82 158 1 1
70 92 1 1
76 156 1 1
172 173 1 1
81 181 1 1
83 141 1 1
95 156 1 1
70 169 1 1
99 168 1 1
151 173 1 1
91 173 1 1
119 167 1 1
105 150 1 1
77 120 1 1
171 149 1 1
59 147 1 1
40 155 1 1
124 160 1 1
135 146 1 1
108 187 1 1
179 149 1 1
66 137 1 1
116 178 1 1
118 154 1 1
175 150 1 1
50 167 1 1
129 174 1 1
72 94 1 1
71 160 1 1
60 156 1 1
116 158 1 1
143 163 1 1
148 144 1 1
83 105 1 1
136 160 1 1
101 173 1 1
101 102 1 1
179 151 1 1
152 178 1 1
95 184 1 1
121 188 1 1
88 98 1 1
76 79 1 1
90 89 1 1
144 148 1 1
182 167 1 1
130 165 1 1
76 166 1 1
70 164 1 1
105 170 1 1
184 149 1 1
111 133 1 1
162 151 1 1
70 93 1 1
95 147 1 1
90 158 1 1
118 167 1 1
95 172 1 1
69 169 1 1
186 144 1 1
100 112 1 1
131 189 1 1
151 145 1 1
95 104 1 1
194 142 1 1
83 70 1 1
66 144 1 1
73 152 1 1
107 176 1 1
179 162 1 1
116 139 1 1
92 153 1 1
74 91 1 1
102 136 1 1
45 158 1 1
136 183 1 1
188 154 1 1
52 156 1 1
86 84 1 1
142 143 1 1
74 122 1 1
65 170 1 1
112 187 1 1
79 115 1 1
178 145 1 1
77 172 1 1
93 88 1 1
150 177 1 1
90 178 1 1
86 90 1 1
158 156 1 1
81 157 1 1
92 147 1 1
95 154 1 1
100 174 1 1
104 153 1 1
82 150 1 1
107 183 1 1
47 158 1 1
108 140 1 1
79 101 1 1
127 167 1 1
112 172 1 1
103 156 1 1
99 180 1 1
90 138 1 1
158 182 1 1
68 111 1 1
162 148 1 1
171 150 1 1
69 161 1 1
114 142 1 1
95 180 1 1
65 144 1 1
176 163 1 1
140 168 1 1
95 135 1 1
83 91 1 1
70 74 1 1
139 156 1 1
103 150 1 1
90 93 1 1
52 166 1 1
47 167 1 1
138 147 1 1
100 153 1 1
87 175 1 1
163 151 1 1
111 171 1 1
139 155 1 1
105 102 1 1
195 154 1 1
76 108 1 1
125 181 1 1
106 171 1 1
101 102 1 1
151 158 1 1
80 130 1 1
107 102 1 1
71 164 1 1
185 152 1 1
71 136 1 1
106 142 1 1
95 149 1 1
115 146 1 1
187 155 1 1
132 179 1 1
179 154 1 1
111 182 1 1
113 157 1 1
94 109 1 1
157 155 1 1
97 115 1 1
83 134 1 1
170 151 1 1
79 67 1 1
93 118 1 1
130 147 1 1
102 163 1 1
114 149 1 1
61 163 1 1
80 127 1 1
161 165 1 1
65 135 1 1
88 176 1 1
88 168 1 1
42 148 1 1
109 123 1 1
71 63 1 1
134 168 1 1
69 130 1 1
81 81 1 1
106 133 1 1
105 182 1 1
107 127 1 1
82 108 1 1
85 104 1 1
177 147 1 1
180 154 1 1
181 148 1 1
56 152 1 1
190 139 1 1
132 150 1 1
92 97 1 1
124 181 1 1
100 179 1 1
80 143 1 1
66 173 1 1
112 187 1 1
71 96 1 1
148 145 1 1
175 156 1 1
137 183 1 1
112 145 1 1
93 158 1 1
96 118 1 1
172 174 1 1
85 68 1 1
96 153 1 1
113 163 1 1
92 108 1 1
138 166 1 1
78 183 1 1
184 154 1 1
86 164 1 1
126 179 1 1
148 147 1 1
78 138 1 1
110 166 1 1
84 161 1 1
158 166 1 1
82 145 1 1
80 174 1 1
85 164 1 1
162 156 1 1
110 129 1 1
111 116 1 1
78 74 1 1
106 188 1 1
89 169 1 1
129 159 1 1
144 154 1 1
84 72 1 1
75 148 1 1
174 156 1 1
193 145 1 1
105 147 1 1
120 161 1 1
75 62 1 1
82 83 1 1
94 111 1 1
65 151 1 1
90 160 1 1
150 174 1 1
91 89 1 1
129 171 1 1
73 132 1 1
87 90 1 1
64 156 1 1
127 169 1 1
185 154 1 1
67 178 1 1
134 165 1 1
194 148 1 1
111 119 1 1
198 140 1 1
149 172 1 1
92 166 1 1
84 145 1 1
71 145 1 1
74 174 1 1
160 169 1 1
101 130 1 1
158 163 1 1
68 158 1 1
114 101 1 1
188 165 1 1
82 95 1 1
96 164 1 1
188 165 1 1
114 160 1 1
73 95 1 1
96 183 1 1
89 69 1 1
110 138 1 1
84 164 1 1
95 169 1 1
121 158 1 1
81 96 1 1
90 114 1 1
70 88 1 1
97 108 1 1
54 153 1 1
91 153 1 1
120 141 1 1
165 151 1 1
103 147 1 1
82 116 1 1
143 157 1 1
92 149 1 1
92 153 1 1
47 159 1 1
86 180 1 1
94 149 1 1
98 109 1 1
91 161 1 1
89 120 1 1
90 88 1 1
93 147 1 1
143 147 1 1
99 181 1 1
87 97 1 1
89 71 1 1
61 130 1 1
72 182 1 1
87 154 1 1
108 153 1 1
76 149 1 1
116 156 1 1
115 148 1 1
79 141 1 1
72 139 1 1
90 162 1 1
80 134 1 1
187 151 1 1
90 143 1 1
131 158 1 1
188 157 1 1
111 184 1 1
166 162 1 1
93 183 1 1
97 188 1 1
39 150 1 1
112 130 1 1
90 114 1 1
86 185 1 1
99 155 1 1
92 171 1 1
80 176 1 1
103 177 1 1
88 140 1 1
118 140 1 1
110 160 1 1
97 158 1 1
52 164 1 1
123 170 1 1
116 152 1 1
104 165 1 1
64 129 1 1
86 133 1 1
139 173 1 1
144 176 1 1
163 170 1 1
76 106 1 1
70 167 1 1
78 164 1 1
79 93 1 1
80 142 1 1
74 94 1 1
83 164 1 1
180 169 1 1
91 99 1 1
81 131 1 1
88 160 1 1
65 167 1 1
107 124 1 1
67 107 1 1
179 168 1 1
135 167 1 1
47 166 1 1
57 152 1 1
143 161 1 1
79 88 1 1
193 153 1 1
159 143 1 1
78 101 1 1
158 146 1 1
92 102 1 1
113 125 1 1
103 126 1 1
89 185 1 1
85 123 1 1
142 182 1 1
91 133 1 1
121 144 1 1
71 85 1 1
70 169 1 1
143 189 1 1
132 159 1 1
97 161 1 1
95 95 1 1
153 146 1 1
116 185 1 1
92 171 1 1
85 68 1 1
72 102 1 1
113 132 1 1
106 168 1 1
108 163 1 1
111 182 1 1
150 160 1 1
156 166 1 1
130 166 1 1
73 120 1 1
94 139 1 1
53 150 1 1
70 102 1 1
133 181 1 1
66 156 1 1
90 126 1 1
76 121 1 1
121 160 1 1
74 140 1 1
91 119 1 1
73 89 1 1
158 162 1 1
91 167 1 1
41 158 1 1
80 67 1 1
130 159 1 1
47 150 1 1
76 96 1 1
73 78 1 1
73 169 1 1
155 166 1 1
96 184 1 1
147 160 1 1
145 149 1 1
100 169 1 1
133 148 1 1
105 167 1 1
39 165 1 1
82 81 1 1
114 160 1 1
100 181 1 1
98 121 1 1
80 163 1 1
139 174 1 1
90 137 1 1
83 124 1 1
111 140 1 1
80 180 1 1
133 170 1 1
41 166 1 1
98 154 1 1
84 79 1 1
200 155 1 1
117 151 1 1
80 134 1 1
47 168 1 1
171 144 1 1
101 155 1 1
87 67 1 1
152 175 1 1
192 146 1 1
93 141 1 1
157 174 1 1
198 155 1 1
102 108 1 1
73 66 1 1
178 166 1 1
90 163 1 1
90 141 1 1
72 112 1 1
80 107 1 1
81 171 1 1
96 118 1 1
101 120 1 1
137 147 1 1
190 139 1 1
86 155 1 1
139 155 1 1
61 133 1 1
71 133 1 1
94 100 1 1
112 187 1 1
81 160 1 1
45 162 1 1
66 130 1 1
159 157 1 1
82 61 1 1
88 122 1 1
170 149 1 1
89 115 1 1
86 114 1 1
163 176 1 1
144 158 1 1
160 163 1 1
126 164 1 1
66 117 1 1
67 142 1 1
101 190 1 1
61 133 1 1
58 154 1 1
67 115 1 1
80 97 1 1
101 149 1 1
92 156 1 1
64 147 1 1
98 160 1 1
174 154 1 1
141 149 1 1
91 175 1 1
98 181 1 1
64 150 1 1
124 174 1 1
159 176 1 1
67 126 1 1
191 140 1 1
83 86 1 1
78 142 1 1
77 147 1 1
143 170 1 1
54 157 1 1
108 172 1 1
84 101 1 1
104 143 1 1
65 178 1 1
84 147 1 1
110 157 1 1
92 103 1 1
70 66 1 1
72 123 1 1
77 61 1 1
53 152 1 1
90 118 1 1
148 181 1 1
163 143 1 1
168 152 1 1
182 143 1 1
135 169 1 1
187 157 1 1
103 142 1 1
203 142 1 1
98 160 1 1
122 177 1 1
162 160 1 1
112 123 1 1
106 158 1 1
187 159 1 1
98 152 1 1
75 182 1 1
108 174 1 1
81 134 1 1
163 170 1 1
79 108 1 1
198 141 1 1
78 168 1 1
107 118 1 1
104 103 1 1
200 135 1 1
172 152 1 1
85 90 1 1
70 88 1 1
82 95 1 1
154 150 1 1
95 130 1 1
90 124 1 1
44 165 1 1
99 153 1 1
92 140 1 1
117 177 1 1
175 158 1 1
89 187 1 1
162 150 1 1
55 158 1 1
105 125 1 1
51 149 1 1
137 157 1 1
80 186 1 1
106 185 1 1
92 103 1 1
98 162 1 1
89 111 1 1
79 96 1 1
122 152 1 1
121 143 1 1
142 176 1 1
99 177 1 1
110 158 1 1
89 89 1 1
82 153 1 1
76 179 1 1
106 167 1 1
177 154 1 1
99 189 1 1
72 160 1 1
69 149 1 1
69 159 1 1
106 183 1 1
103 185 1 1
156 153 1 1
112 158 1 1
71 164 1 1
71 141 1 1
83 107 1 1
125 165 1 1
86 95 1 1
107 136 1 1
138 165 1 1
169 160 1 1
96 98 1 1
85 168 1 1
100 116 1 1
66 173 1 1
41 167 1 1
121 166 1 1
119 174 1 1
51 169 1 1
142 187 1 1
192 151 1 1
124 174 1 1
152 149 1 1
76 115 1 1
63 127 1 1
126 182 1 1
81 158 1 1
156 164 1 1
54 172 1 1
128 187 1 1
41 150 1 1
131 147 1 1
91 147 1 1
74 142 1 1
162 155 1 1
87 68 1 1
78 109 1 1
134 171 1 1
73 106 1 1
187 148 1 1
139 184 1 1
145 157 1 1
117 161 1 1
145 146 1 1
78 98 1 1
105 118 1 1
115 112 1 1
196 161 1 1
80 85 1 1
157 148 1 1
129 172 1 1
100 186 1 1
126 167 1 1
104 176 1 1
80 137 1 1
103 128 1 1
133 157 1 1
78 83 1 1
86 101 1 1
167 152 1 1
113 137 1 1
63 163 1 1
77 165 1 1
90 92 1 1
83 93 1 1
116 162 1 1
74 149 1 1
140 155 1 1
124 187 1 1
64 133 1 1
114 120 1 1
72 118 1 1
75 106 1 1
137 152 1 1
156 153 1 1
196 151 1 1
90 82 1 1
166 145 1 1
106 103 1 1
188 152 1 1
157 151 1 1
120 167 1 1
193 159 1 1
65 138 1 1
99 120 1 1
147 172 1 1
81 139 1 1
44 164 1 1
147 152 1 1
58 153 1 1
96 177 1 1
89 172 1 1
68 84 1 1
111 158 1 1
73 106 1 1
149 166 1 1
83 164 1 1
117 176 1 1
135 164 1 1
108 179 1 1
78 77 1 1
98 185 1 1
70 178 1 1
71 131 1 1
115 122 1 1
93 154 1 1
65 167 1 1
169 157 1 1
165 154 1 1
89 159 1 1
80 100 1 1
101 172 1 1
81 125 1 1
73 72 1 1
82 180 1 1
71 156 1 1
82 67 1 1
155 170 1 1
102 121 1 1
152 171 1 1
109 123 1 1
120 143 1 1
54 146 1 1
94 101 1 1
106 174 1 1
191 159 1 1
125 188 1 1
90 130 1 1
203 146 1 1
71 102 1 1
88 88 1 1
143 160 1 1
94 160 1 1
73 101 1 1
167 168 1 1
52 165 1 1
161 173 1 1
178 148 1 1
156 147 1 1
43 163 1 1
73 95 1 1
154 156 1 1
108 159 1 1
142 185 1 1
177 170 1 1
85 125 1 1
189 157 1 1
119 155 1 1
75 106 1 1
84 169 1 1
67 109 1 1
66 153 1 1
59 155 1 1
92 142 1 1
96 182 1 1
88 110 1 1
100 160 1 1
117 190 1 1
131 149 1 1
57 167 1 1
68 173 1 1
157 177 1 1
70 164 1 1
66 166 1 1
89 147 1 1
96 162 1 1
95 146 1 1
103 133 1 1
108 107 1 1
167 162 1 1
86 71 1 1
92 132 1 1
116 187 1 1
97 165 1 1
119 179 1 1
95 183 1 1
162 168 1 1
80 123 1 1
142 174 1 1
63 127 1 1
181 147 1 1
52 149 1 1
168 167 1 1
119 159 1 1
70 155 1 1
115 130 1 1
101 104 1 1
131 144 1 1
107 103 1 1
128 163 1 1
140 189 1 1
146 169 1 1
82 176 1 1
49 166 1 1
67 156 1 1
82 149 1 1
112 111 1 1
45 154 1 1
200 146 1 1
77 138 1 1
120 174 1 1
167 168 1 1
83 157 1 1
147 183 1 1
92 181 1 1
80 103 1 1
98 97 1 1
74 148 1 1
59 147 1 1
82 74 1 1
168 156 1 1
90 169 1 1
100 165 1 1
110 101 1 1
172 152 1 1
201 148 1 1
120 185 1 1
146 174 1 1
103 118 1 1
108 121 1 1
115 107 1 1
70 104 1 1
89 144 1 1
150 182 1 1
190 139 1 1
130 154 1 1
115 189 1 1
80 157 1 1
159 145 1 1
114 133 1 1
80 71 1 1
75 137 1 1
105 175 1 1
128 173 1 1
118 167 1 1
143 144 1 1
74 156 1 1
141 180 1 1
79 126 1 1
170 148 1 1
132 181 1 1
75 86 1 1
103 145 1 1
112 161 1 1
90 81 1 1
105 161 1 1
109 150 1 1
67 124 1 1
96 179 1 1
91 162 1 1
52 161 1 1
146 153 1 1
77 175 1 1
122 152 1 1
60 170 1 1
110 130 1 1
193 155 1 1
81 177 1 1
107 113 1 1
71 76 1 1
99 132 1 1
141 158 1 1
182 164 1 1
83 155 1 1
40 150 1 1
47 166 1 1
87 75 1 1
82 73 1 1
107 177 1 1
134 144 1 1
84 159 1 1
149 166 1 1
77 97 1 1
77 83 1 1
109 130 1 1
163 174 1 1
134 153 1 1
97 160 1 1
72 72 1 1
107 159 1 1
112 117 1 1
79 84 1 1
82 72 1 1
122 188 1 1
188 157 1 1
44 156 1 1
79 107 1 1
106 126 1 1
78 142 1 1
161 166 1 1
95 103 1 1
145 178 1 1
79 94 1 1
105 174 1 1
104 183 1 1
63 144 1 1
101 130 1 1
113 106 1 1
78 103 1 1
85 104 1 1
51 163 1 1
113 189 1 1
121 159 1 1
107 116 1 1
87 160 1 1
166 161 1 1
44 162 1 1
113 171 1 1
63 141 1 1
148 174 1 1
180 144 1 1
79 156 1 1
96 131 1 1
87 147 1 1
159 163 1 1
179 163 1 1
74 107 1 1
106 128 1 1
136 166 1 1
55 163 1 1
102 118 1 1
76 150 1 1
170 164 1 1
147 144 1 1
79 137 1 1
175 153 1 1
99 134 1 1
196 149 1 1
130 151 1 1
91 102 1 1
82 129 1 1
136 175 1 1
0 91 1 1
91 171 1 1
73 145 1 1
144 180 1 1
113 156 1 1
184 164 1 1
76 65 1 1
61 141 1 1
115 108 1 1
109 108 1 1
74 175 1 1
82 177 1 1
170 174 1 1
111 142 1 1
95 140 1 1
79 62 1 1
141 184 1 1
130 151 1 1
90 148 1 1
59 160 1 1
92 136 1 1
196 151 1 1
134 151 1 1
80 115 1 1
84 81 1 1
73 76 1 1
100 123 1 1
193 147 1 1
182 169 1 1
87 73 1 1
145 158 1 1
99 144 1 1
82 84 1 1
77 165 1 1
135 152 1 1
69 129 1 1
105 116 1 1
66 149 1 1
77 147 1 1
117 152 1 1
141 181 1 1
68 146 1 1
107 155 1 1
103 157 1 1
112 111 1 1
68 144 1 1
84 149 1 1
107 118 1 1
98 110 1 1
114 162 1 1
149 177 1 1
84 139 1 1
110 178 1 1
85 127 1 1
122 168 1 1
198 153 1 1
171 159 1 1
49 152 1 1
82 75 1 1
161 157 1 1
83 176 1 1
102 108 1 1
85 150 1 1
87 131 1 1
176 153 1 1
98 171 1 1
197 151 1 1
77 82 1 1
76 122 1 1
80 137 1 1
130 173 1 1
77 182 1 1
96 151 1 1
105 181 1 1
73 107 1 1
51 159 1 1
146 160 1 1
183 148 1 1
154 159 1 1
74 147 1 1
110 154 1 1
111 155 1 1
101 113 1 1
97 180 1 1
112 116 1 1
106 182 1 1
138 171 1 1
149 174 1 1
83 114 1 1
95 178 1 1
44 166 1 1
75 115 1 1
112 176 1 1
91 144 1 1
115 101 1 1
77 98 1 1
164 174 1 1
157 143 1 1
50 161 1 1
155 156 1 1
80 76 1 1
105 164 1 1
101 180 1 1
129 159 1 1
140 172 1 1
88 112 1 1
79 156 1 1
167 173 1 1
105 163 1 1
107 168 1 1
75 158 1 1
133 168 1 1
156 163 1 1
170 157 1 1
171 155 1 1
92 111 1 1
124 163 1 1
83 144 1 1
180 146 1 1
141 184 1 1
54 168 1 1
82 134 1 1
90 106 1 1
99 161 1 1
104 109 1 1
84 110 1 1
87 179 1 1
101 100 1 1
41 146 1 1
113 162 1 1
46 158 1 1
77 184 1 1
71 151 1 1
147 153 1 1
123 182 1 1
78 75 1 1
49 146 1 1
88 139 1 1
66 131 1 1
161 166 1 1
105 112 1 1
114 158 1 1
90 66 1 1
134 165 1 1
117 171 1 1
48 149 1 1
70 180 1 1
89 113 1 1
92 146 1 1
86 91 1 1
86 84 1 1
143 161 1 1
83 181 1 1
151 160 1 1
103 184 1 1
124 155 1 1
119 148 1 1
146 144 1 1
123 152 1 1
61 158 1 1
113 154 1 1
72 63 1 1
83 186 1 1
104 173 1 1
89 70 1 1
191 143 1 1
73 129 1 1
140 144 1 1
89 76 1 1
66 133 1 1
79 159 1 1
71 96 1 1
60 168 1 1
79 164 1 1
70 171 1 1
78 140 1 1
193 160 1 1
90 132 1 1
71 141 1 1
98 171 1 1
106 152 1 1
77 141 1 1
124 156 1 1
139 169 1 1
152 161 1 1
107 188 1 1
84 76 1 1
154 158 1 1
87 93 1 1
68 165 1 1
86 84 1 1
74 83 1 1
125 149 1 1
74 68 1 1
114 164 1 1
186 159 1 1
50 168 1 1
91 91 1 1
114 158 1 1
79 89 1 1
97 126 1 1
196 154 1 1
95 144 1 1
73 184 1 1
106 158 1 1
109 185 1 1
94 101 1 1
176 166 1 1
119 145 1 1
84 92 1 1
88 79 1 1
140 168 1 1
102 147 1 1
139 174 1 1
117 149 1 1
174 146 1 1
128 153 1 1
59 163 1 1
127 152 1 1
81 87 1 1
118 183 1 1
76 129 1 1
88 121 1 1
65 144 1 1
79 89 1 1
83 178 1 1
181 147 1 1
73 157 1 1
101 185 1 1
100 150 1 1
183 163 1 1
109 182 1 1
41 148 1 1
143 187 1 1
105 152 1 1
80 144 1 1
87 178 1 1
98 128 1 1
143 185 1 1
48 169 1 1
181 159 1 1
96 157 1 1
99 110 1 1
151 165 1 1
127 167 1 1
85 66 1 1
86 142 1 1
89 64 1 1
80 109 1 1
92 129 1 1
63 158 1 1
177 148 1 1
76 124 1 1
149 165 1 1
194 142 1 1
51 156 1 1
79 170 1 1
169 155 1 1
135 166 1 1
100 112 1 1
184 156 1 1
94 146 1 1
82 170 1 1
72 106 1 1
93 125 1 1
172 170 1 1
84 95 1 1
82 135 1 1
121 141 1 1
158 170 1 1
146 149 1 1
123 172 1 1
93 172 1 1
83 169 1 1
66 153 1 1
126 150 1 1
135 153 1 1
71 156 1 1
91 135 1 1
84 95 1 1
125 170 1 1
81 145 1 1
85 77 1 1
70 94 1 1
191 159 1 1
80 70 1 1
96 136 1 1
157 156 1 1
78 92 1 1
78 123 1 1
191 159 1 1
64 157 1 1
81 86 1 1
41 153 1 1
71 82 1 1
67 176 1 1
141 185 1 1
108 126 1 1
159 148 1 1
172 160 1 1
119 189 1 1
161 152 1 1
43 161 1 1
103 158 1 1
82 126 1 1
107 189 1 1
64 145 1 1
53 166 1 1
79 118 1 1
100 99 1 1
51 160 1 1
68 139 1 1
130 165 1 1
112 174 1 1
56 163 1 1
76 85 1 1
110 140 1 1
161 166 1 1
89 172 1 1
114 115 1 1
183 165 1 1
140 149 1 1
92 136 1 1
199 137 1 1
68 92 1 1
101 174 1 1
106 145 1 1
86 151 1 1
48 163 1 1
160 151 1 1
122 165 1 1
133 178 1 1
95 173 1 1
112 106 1 1
176 159 1 1
79 87 1 1
77 136 1 1
138 159 1 1
88 109 1 1
126 170 1 1
68 149 1 1
113 150 1 1
110 173 1 1
79 118 1 1
124 161 1 1
128 176 1 1
73 118 1 1
137 157 1 1
131 153 1 1
48 162 1 1
61 128 1 1
61 169 1 1
86 171 1 1
145 163 1 1
76 70 1 1
170 156 1 1
98 120 1 1
121 164 1 1
156 144 1 1
117 148 1 1
80 158 1 1
79 102 1 1
138 165 1 1
135 165 1 1
126 152 1 1
70 120 1 1
54 151 1 1
90 64 1 1
87 69 1 1
86 172 1 1
87 141 1 1
58 149 1 1
117 187 1 1
61 155 1 1
114 105 1 1
110 188 1 1
135 143 1 1
177 152 1 1
61 155 1 1
131 187 1 1
98 144 1 1
168 175 1 1
85 109 1 1
112 190 1 1
120 146 1 1
145 158 1 1
67 162 1 1
129 163 1 1
68 109 1 1
88 137 1 1
62 151 1 1
74 97 1 1
68 174 1 1
110 189 1 1
154 162 1 1
93 105 1 1
65 175 1 1
87 152 1 1
138 184 1 1
114 149 1 1
138 164 1 1
113 110 1 1
98 155 1 1
92 176 1 1
101 116 1 1
160 152 1 1
155 157 1 1
161 164 1 1
115 190 1 1
87 89 1 1
163 165 1 1
107 104 1 1
164 169 1 1
68 119 1 1
82 141 1 1
111 178 1 1
82 168 1 1
96 189 1 1
106 181 1 1
200 134 1 1
81 109 1 1
154 181 1 1
135 185 1 1
74 160 1 1
114 166 1 1
78 91 1 1
83 99 1 1
155 169 1 1
62 146 1 1
49 149 1 1
167 151 1 1
81 136 1 1
128 171 1 1
72 92 1 1
126 165 1 1
89 166 1 1
96 181 1 1
88 133 1 1
109 122 1 1
166 152 1 1
86 107 1 1
75 151 1 1
128 144 1 1
115 164 1 1
102 137 1 1
89 137 1 1
148 169 1 1
136 183 1 1
72 164 1 1
198 155 1 1
94 180 1 1
94 115 1 1
95 149 1 1
135 151 1 1
145 177 1 1
81 155 1 1
124 161 1 1
90 125 1 1
58 168 1 1
127 165 1 1
191 138 1 1
178 148 1 1
155 154 1 1
89 136 1 1
67 144 1 1
109 143 1 1
172 145 1 1
72 166 1 1
98 130 1 1
71 182 1 1
84 185 1 1
46 160 1 1
163 166 1 1
190 152 1 1
92 180 1 1
171 163 1 1
142 163 1 1
151 145 1 1
115 167 1 1
78 155 1 1
75 162 1 1
71 91 1 1
87 95 1 1
138 180 1 1
63 156 1 1
107 132 1 1
121 180 1 1
143 169 1 1
72 163 1 1
107 143 1 1
70 142 1 1
84 101 1 1
198 137 1 1
86 107 1 1
164 167 1 1
76 142 1 1
88 78 1 1
76 167 1 1
89 122 1 1
113 132 1 1
83 133 1 1
94 116 1 1
84 111 1 1
127 148 1 1
48 171 1 1
86 149 1 1
39 162 1 1
135 184 1 1
65 157 1 1
132 144 1 1
100 141 1 1
71 139 1 1
130 163 1 1
126 176 1 1
95 142 1 1
67 118 1 1
106 171 1 1
73 116 1 1
119 157 1 1
127 161 1 1
101 140 1 1
182 153 1 1
82 160 1 1
154 181 1 1
92 103 1 1
133 148 1 1
92 118 1 1
90 126 1 1
84 133 1 1
84 155 1 1
61 172 1 1
184 164 1 1
197 144 1 1
194 142 1 1
149 173 1 1
79 166 1 1
102 134 1 1
72 153 1 1
89 141 1 1
102 173 1 1
122 162 1 1
39 156 1 1
113 179 1 1
49 169 1 1
137 163 1 1
94 154 1 1
118 188 1 1
144 178 1 1
82 94 1 1
82 129 1 1
106 183 1 1
146 152 1 1
181 151 1 1
151 168 1 1
117 155 1 1
132 156 1 1
79 158 1 1
167 165 1 1
151 180 1 1
106 154 1 1
90 136 1 1
162 145 1 1
158 159 1 1
180 167 1 1
178 156 1 1
156 143 1 1
80 92 1 1
125 172 1 1
197 158 1 1
71 87 1 1
80 104 1 1
139 177 1 1
95 90 1 1
61 172 1 1
76 63 1 1
184 168 1 1
55 154 1 1
154 183 1 1
77 123 1 1
75 76 1 1
196 159 1 1
58 170 1 1
126 176 1 1
77 165 1 1
203 142 1 1
153 165 1 1
188 161 1 1
122 183 1 1
133 172 1 1
142 176 1 1
186 153 1 1
171 146 1 1
162 154 1 1
78 113 1 1
132 144 1 1
72 176 1 1
79 104 1 1
128 153 1 1
133 178 1 1
82 149 1 1
94 148 1 1
98 184 1 1
122 160 1 1
165 169 1 1
101 156 1 1
113 119 1 1
75 153 1 1
98 128 1 1
177 149 1 1
80 153 1 1
77 179 1 1
70 79 1 1
80 89 1 1
146 143 1 1
81 84 1 1
83 128 1 1
174 155 1 1
71 135 1 1
80 69 1 1
109 130 1 1
76 138 1 1
167 175 1 1
78 161 1 1
182 146 1 1
159 166 1 1
80 73 1 1
149 169 1 1
97 124 1 1
143 152 1 1
99 143 1 1
120 164 1 1
97 174 1 1
90 107 1 1
95 118 1 1
70 147 1 1
172 143 1 1
63 155 1 1
64 135 1 1
98 136 1 1
70 113 1 1
91 57 1 1
180 151 1 1
101 145 1 1
47 164 1 1
104 106 1 1
163 166 1 1
112 153 1 1
105 126 1 1
74 113 1 1
82 71 1 1
73 104 1 1
68 128 1 1
65 169 1 1
114 123 1 1
154 152 1 1
83 137 1 1
131 168 1 1
83 138 1 1
88 186 1 1
54 169 1 1
85 149 1 1
137 166 1 1
110 125 1 1
80 91 1 1
110 132 1 1
85 97 1 1
139 186 1 1
100 128 1 1
127 186 1 1
109 131 1 1
129 155 1 1
99 142 1 1
88 144 1 1
89 178 1 1
89 121 1 1
73 174 1 1
93 177 1 1
105 166 1 1
112 153 1 1
149 149 1 1
149 158 1 1
91 149 1 1
132 151 1 1
149 148 1 1
74 108 1 1
66 173 1 1
128 164 1 1
87 131 1 1
72 76 1 1
112 124 1 1
78 107 1 1
124 177 1 1
91 109 1 1
142 149 1 1
47 153 1 1
96 156 1 1
160 157 1 1
196 161 1 1
92 100 1 1
70 175 1 1
150 143 1 1
68 144 1 1
159 155 1 1
168 144 1 1
86 182 1 1
64 126 1 1
158 166 1 1
107 129 1 1
193 155 1 1
101 144 1 1
151 166 1 1
118 170 1 1
69 143 1 1
125 175 1 1
114 190 1 1
83 129 1 1
79 102 1 1
185 162 1 1
124 175 1 1
135 161 1 1
96 98 1 1
99 153 1 1
125 183 1 1
79 143 1 1
112 102 1 1
92 113 1 1
137 184 1 1
79 141 1 1
188 159 1 1
114 126 1 1
110 129 1 1
187 154 1 1
105 103 1 1
42 146 1 1
117 184 1 1
182 163 1 1
77 102 1 1
149 176 1 1
91 187 1 1
171 170 1 1
101 154 1 1
69 99 1 1
81 107 1 1
85 182 1 1
126 146 1 1
73 137 1 1
42 162 1 1
158 177 1 1
114 182 1 1
81 69 1 1
95 140 1 1
175 167 1 1
105 123 1 1
77 118 1 1
167 153 1 1
91 69 1 1
82 99 1 1
80 99 1 1
104 138 1 1
57 155 1 1
74 110 1 1
81 80 1 1
77 110 1 1
81 97 1 1
94 152 1 1
80 91 1 1
86 154 1 1
84 160 1 1
155 172 1 1
82 118 1 1
147 155 1 1
75 140 1 1
54 148 1 1
86 68 1 1
158 144 1 1
140 180 1 1
128 186 1 1
105 175 1 1
115 163 1 1
92 150 1 1
94 174 1 1
82 168 1 1
74 157 1 1
151 159 1 1
106 123 1 1
43 157 1 1
49 0 1 1
76 161 1 1
77 119 1 1
78 143 1 1
106 190 1 1
99 139 1 1
83 101 1 1
100 181 1 1
82 139 1 1
84 157 1 1
43 164 1 1
71 101 1 1
94 144 1 1
101 177 1 1
77 106 1 1
120 145 1 1
107 160 1 1
174 170 1 1
95 177 1 1
74 108 1 1
68 161 1 1
73 79 1 1
151 175 1 1
92 147 1 1
68 100 1 1
117 158 1 1
115 109 1 1
70 70 1 1
140 161 1 1
70 147 1 1
95 137 1 1
98 182 1 1
80 156 1 1
102 179 1 1
99 102 1 1
111 178 1 1
68 109 1 1
164 162 1 1
68 173 1 1
150 171 1 1
73 78 1 1
87 126 1 1
79 93 1 1
123 176 1 1
117 189 1 1
142 160 1 1
149 165 1 1
88 146 1 1
70 137 1 1
106 127 1 1
114 115 1 1
106 185 1 1
78 82 1 1
93 92 1 1
88 75 1 1
85 105 1 1
39 155 1 1
129 152 1 1
155 148 1 1
167 144 1 1
102 181 1 1
113 134 1 1
70 96 1 1
111 143 1 1
104 158 1 1
129 180 1 1
156 178 1 1
176 147 1 1
79 100 1 1
71 64 1 1
150 179 1 1
152 173 1 1
74 91 1 1
160 153 1 1
49 168 1 1
92 144 1 1
67 181 1 1
108 182 1 1
85 189 1 1
129 149 1 1
74 168 1 1
86 179 1 1
177 149 1 1
81 155 1 1
73 86 1 1
100 155 1 1
153 147 1 1
159 171 1 1
91 177 1 1
91 101 1 1
80 174 1 1
111 133 1 1
40 158 1 1
42 156 1 1
191 152 1 1
88 78 1 1
108 176 1 1
135 178 1 1
122 176 1 1
117 165 1 1
87 92 1 1
89 182 1 1
118 147 1 1
102 180 1 1
146 151 1 1
81 160 1 1
136 159 1 1
91 135 1 1
164 170 1 1
158 165 1 1
97 165 1 1
97 180 1 1
108 119 1 1
104 150 1 1
126 147 1 1
170 164 1 1
137 162 1 1
97 121 1 1
82 117 1 1
97 179 1 1
103 158 1 1
71 183 1 1
113 136 1 1
161 157 1 1
76 101 1 1
66 173 1 1
103 161 1 1
75 172 1 1
91 147 1 1
79 171 1 1
92 91 1 1
108 144 1 1
126 153 1 1
91 63 1 1
65 154 1 1
104 106 1 1
88 90 1 1
69 162 1 1
79 63 1 1
134 174 1 1
99 158 1 1
92 138 1 1
106 120 1 1
94 137 1 1
74 76 1 1
41 172 1 1
103 155 1 1
121 184 1 1
58 164 1 1
85 179 1 1
152 167 1 1
99 103 1 1
66 136 1 1
93 140 1 1
127 156 1 1
124 181 1 1
84 178 1 1
54 151 1 1
104 122 1 1
102 123 1 1
91 105 1 1
140 158 1 1
143 156 1 1
152 151 1 1
89 183 1 1
106 184 1 1
90 119 1 1
91 153 1 1
136 165 1 1
63 174 1 1
113 129 1 1
92 98 1 1
175 167 1 1
168 171 1 1
74 145 1 1
112 157 1 1
95 180 1 1
164 152 1 1
64 136 1 1
201 153 1 1
121 147 1 1
67 174 1 1
163 150 1 1
100 181 1 1
101 142 1 1
90 104 1 1
187 147 1 1
179 171 1 1
96 180 1 1
183 159 1 1
177 145 1 1
80 154 1 1
66 147 1 1
82 179 1 1
117 151 1 1
126 167 1 1
78 93 1 1
199 151 1 1
193 151 1 1
80 151 1 1
75 148 1 1
75 94 1 1
67 123 1 1
89 80 1 1
79 150 1 1
72 168 1 1
49 166 1 1
67 105 1 1
99 143 1 1
135 173 1 1
68 88 1 1
86 168 1 1
153 171 1 1
78 186 1 1
107 127 1 1
64 132 1 1
41 168 1 1
86 79 1 1
79 148 1 1
181 149 1 1
145 178 1 1
144 182 1 1
109 101 1 1
87 133 1 1
108 147 1 1
182 146 1 1
109 162 1 1
51 146 1 1
80 122 1 1
77 157 1 1
106 128 1 1
106 166 1 1
81 169 1 1
103 142 1 1
115 169 1 1
71 111 1 1
97 145 1 1
76 106 1 1
103 167 1 1
186 154 1 1
43 162 1 1
81 115 1 1
110 137 1 1
78 96 1 1
96 126 1 1
99 147 1 1
130 156 1 1
106 181 1 1
107 129 1 1
65 128 1 1
157 146 1 1
153 150 1 1
105 149 1 1
88 145 1 1
89 115 1 1
99 108 1 1
77 177 1 1
121 178 1 1
75 162 1 1
156 145 1 1
89 74 1 1
78 150 1 1
95 171 1 1
101 155 1 1
140 167 1 1
89 152 1 1
79 168 1 1
75 153 1 1
130 159 1 1
84 126 1 1
79 63 1 1
77 113 1 1
83 144 1 1
83 116 1 1
146 154 1 1
127 175 1 1
88 182 1 1
90 108 1 1
112 126 1 1
191 150 1 1
87 152 1 1
73 107 1 1
150 143 1 1
68 86 1 1
169 161 1 1
89 183 1 1
92 90 1 1
107 101 1 1
80 120 1 1
68 133 1 1
70 138 1 1
101 150 1 1
83 134 1 1
58 156 1 1
82 178 1 1
107 129 1 1
66 169 1 1
78 131 1 1
106 136 1 1
111 145 1 1
42 164 1 1
72 147 1 1
77 117 1 1
92 94 1 1
75 95 1 1
134 178 1 1
63 128 1 1
129 178 1 1
203 140 1 1
189 158 1 1
76 179 1 1
83 159 1 1
110 117 1 1
79 94 1 1
90 131 1 1
117 167 1 1
98 162 1 1
59 147 1 1
74 95 1 1
73 158 1 1
173 151 1 1
72 93 1 1
119 143 1 1
54 153 1 1
120 165 1 1
104 177 1 1
126 155 1 1
140 165 1 1
41 167 1 1
70 154 1 1
83 107 1 1
68 149 1 1
99 107 1 1
189 151 1 1
156 169 1 1
44 161 1 1
109 156 1 1
40 162 1 1
47 148 1 1
110 106 1 1
71 109 1 1
83 109 1 1
131 180 1 1
76 156 1 1
119 161 1 1
136 181 1 1
96 174 1 1
134 187 1 1
117 146 1 1
138 157 1 1
97 104 1 1
108 102 1 1
145 160 1 1
79 115 1 1
108 125 1 1
94 142 1 1
101 176 1 1
194 137 1 1
111 128 1 1
61 159 1 1
106 157 1 1
74 104 1 1
72 95 1 1
104 158 1 1
160 165 1 1
98 144 1 1
141 172 1 1
114 171 1 1
138 183 1 1
71 82 1 1
106 190 1 1
62 157 1 1
134 153 1 1
144 150 1 1
128 156 1 1
168 149 1 1
99 133 1 1
69 91 1 1
170 150 1 1
106 186 1 1
182 164 1 1
66 164 1 1
87 105 1 1
122 182 1 1
88 144 1 1
81 68 1 1
62 176 1 1
126 143 1 1
97 100 1 1
94 103 1 1
87 161 1 1
92 181 1 1
108 150 1 1
91 132 1 1
122 161 1 1
113 128 1 1
199 143 1 1
108 109 1 1
103 119 1 1
191 150 1 1
93 163 1 1
89 171 1 1
163 145 1 1
67 109 1 1
137 161 1 1
195 161 1 1
76 157 1 1
114 168 1 1
82 98 1 1
105 105 1 1
90 174 1 1
70 110 1 1
82 181 1 1
78 104 1 1
140 167 1 1
56 157 1 1
192 148 1 1
172 146 1 1
163 143 1 1
61 142 1 1
143 145 1 1
92 189 1 1
95 156 1 1
203 142 1 1
122 146 1 1
57 152 1 1
72 106 1 1
86 154 1 1
113 160 1 1
107 162 1 1
113 101 1 1
63 157 1 1
52 154 1 1
182 163 1 1
161 175 1 1
145 184 1 1
96 114 1 1
90 123 1 1
93 182 1 1
108 149 1 1
107 111 1 1
90 120 1 1
140 165 1 1
106 124 1 1
97 116 1 1
94 92 1 1
82 126 1 1
174 154 1 1
80 170 1 1
81 136 1 1
83 168 1 1
183 159 1 1
164 160 1 1
134 172 1 1
73 73 1 1
97 139 1 1
98 179 1 1
86 91 1 1
159 145 1 1
91 155 1 1
77 124 1 1
62 159 1 1
71 125 1 1
66 117 1 1
127 157 1 1
163 147 1 1
91 182 1 1
81 74 1 1
85 98 1 1
192 155 1 1
72 176 1 1
96 189 1 1
162 168 1 1
101 164 1 1
63 158 1 1
72 153 1 1
103 188 1 1
74 152 1 1
137 156 1 1
98 164 1 1
144 188 1 1
58 162 1 1
65 139 1 1
99 159 1 1
107 104 1 1
202 146 1 1
88 81 1 1
137 168 1 1
108 160 1 1
64 152 1 1
64 167 1 1
151 155 1 1
76 175 1 1
81 154 1 1
110 130 1 1
110 139 1 1
115 168 1 1
125 183 1 1
73 94 1 1
45 160 1 1
85 74 1 1
167 159 1 1
86 138 1 1
85 112 1 1
178 157 1 1
72 160 1 1
78 78 1 1
110 131 1 1
88 171 1 1
115 113 1 1
113 172 1 1
91 128 1 1
130 158 1 1
42 152 1 1
73 67 1 1
116 153 1 1
70 178 1 1
97 106 1 1
137 177 1 1
121 147 1 1
152 168 1 1
122 164 1 1
92 97 1 1
138 150 1 1
81 64 1 1
75 162 1 1
164 169 1 1
105 161 1 1
50 148 1 1
88 95 1 1
82 148 1 1
102 158 1 1
141 182 1 1
94 138 1 1
76 168 1 1
137 162 1 1
97 144 1 1
96 186 1 1
101 100 1 1
87 143 1 1
77 174 1 1
100 119 1 1
116 182 1 1
85 76 1 1
171 143 1 1
71 166 1 1
136 186 1 1
149 176 1 1
106 188 1 1
113 156 1 1
73 88 1 1
72 177 1 1
109 189 1 1
119 183 1 1
114 137 1 1
88 101 1 1
146 146 1 1
95 133 1 1
130 178 1 1
148 171 1 1
148 174 1 1
93 88 1 1
174 162 1 1
91 92 1 1
87 69 1 1
87 75 1 1
83 164 1 1
77 126 1 1
65 140 1 1
60 164 1 1
163 166 1 1
149 182 1 1
95 99 1 1
90 149 1 1
124 174 1 1
108 172 1 1
77 131 1 1
120 158 1 1
73 138 1 1
168 175 1 1
169 149 1 1
45 160 1 1
101 164 1 1
92 101 1 1
137 180 1 1
93 151 1 1
86 93 1 1
130 179 1 1
72 90 1 1
106 142 1 1
91 144 1 1
90 120 1 1
72 180 1 1
66 106 1 1
167 154 1 1
74 150 1 1
50 149 1 1
203 140 1 1
105 148 1 1
129 147 1 1
108 186 1 1
91 146 1 1
138 169 1 1
86 158 1 1
148 144 1 1
91 189 1 1
172 165 1 1
162 148 1 1
100 115 1 1
95 109 1 1
78 145 1 1
86 171 1 1
81 110 1 1
98 115 1 1
69 85 1 1
122 174 1 1
183 155 1 1
142 186 1 1
90 186 1 1
162 161 1 1
110 129 1 1
112 188 1 1
79 86 1 1
89 150 1 1
176 156 1 1
113 157 1 1
142 176 1 1
122 188 1 1
77 170 1 1
157 146 1 1
109 170 1 1
140 146 1 1
103 141 1 1
98 158 1 1
88 174 1 1
105 117 1 1
138 184 1 1
89 162 1 1
89 159 1 1
72 103 1 1
110 172 1 1
124 147 1 1
42 159 1 1
125 179 1 1
80 160 1 1
75 153 1 1
47 157 1 1
178 154 1 1
64 173 1 1
76 152 1 1
90 107 1 1
71 175 1 1
86 123 1 1
85 189 1 1
72 118 1 1
88 100 1 1
126 156 1 1
184 149 1 1
140 171 1 1
60 149 1 1
101 136 1 1
165 171 1 1
60 171 1 1
70 114 1 1
75 116 1 1
81 80 1 1
70 104 1 1
68 113 1 1
84 88 1 1
78 131 1 1
91 73 1 1
93 183 1 1
127 185 1 1
150 165 1 1
119 143 1 1
114 137 1 1
65 156 1 1
64 151 1 1
136 150 1 1
143 186 1 1
151 159 1 1
81 108 1 1
83 130 1 1
152 163 1 1
160 160 1 1
158 151 1 1
84 116 1 1
166 152 1 1
157 155 1 1
68 92 1 1
137 164 1 1
171 154 1 1
179 166 1 1
114 138 1 1
87 184 1 1
79 64 1 1
111 132 1 1
94 177 1 1
129 161 1 1
113 118 1 1
90 135 1 1
124 158 1 1
73 80 1 1
90 138 1 1
83 77 1 1
84 184 1 1
111 179 1 1
180 168 1 1
51 146 1 1
83 144 1 1
71 87 1 1
80 173 1 1
91 172 1 1
86 73 1 1
88 178 1 1
137 160 1 1
77 121 1 1
85 120 1 1
111 135 1 1
111 136 1 1
86 141 1 1
96 172 1 1
82 175 1 1
116 181 1 1
147 189 1 1
85 173 1 1
131 187 1 1
197 146 1 1
97 96 1 1
172 156 1 1
78 66 1 1
108 167 1 1
51 151 1 1
111 161 1 1
47 157 1 1
90 107 1 1
79 170 1 1
79 123 1 1
93 156 1 1
90 182 1 1
75 82 1 1
130 186 1 1
65 158 1 1
140 170 1 1
80 147 1 1
114 130 1 1
76 70 1 1
145 175 1 1
79 73 1 1
171 151 1 1
135 175 1 1
119 167 1 1
88 180 1 1
113 150 1 1
93 159 1 1
90 141 1 1
105 160 1 1
99 142 1 1
182 149 1 1
196 150 1 1
88 168 1 1
41 157 1 1
202 147 1 1
80 134 1 1
75 132 1 1
139 168 1 1
139 158 1 1
74 139 1 1
83 94 1 1
128 148 1 1
90 167 1 1
75 115 1 1
121 182 1 1
73 102 1 1
87 68 1 1
111 113 1 1
164 176 1 1
55 161 1 1
151 168 1 1
83 69 1 1
61 148 1 1
97 104 1 1
72 65 1 1
62 148 1 1
132 148 1 1
78 182 1 1
69 151 1 1
80 76 1 1
138 186 1 1
115 107 1 1
157 148 1 1
81 175 1 1
83 73 1 1
139 174 1 1
158 163 1 1
57 163 1 1
105 182 1 1
115 149 1 1
147 176 1 1
85 141 1 1
81 93 1 1
73 161 1 1
160 172 1 1
116 173 1 1
150 183 1 1
150 143 1 1
193 154 1 1
93 158 1 1
81 182 1 1
95 91 1 1
62 168 1 1
75 162 1 1
149 167 1 1
109 108 1 1
178 153 1 1
160 167 1 1
102 113 1 1
49 150 1 1
128 186 1 1
153 151 1 1
88 105 1 1
169 145 1 1
146 143 1 1
99 184 1 1
138 167 1 1
75 97 1 1
85 151 1 1
93 85 1 1
92 142 1 1
98 107 1 1
113 167 1 1
95 149 1 1
79 103 1 1
39 149 1 1
106 118 1 1
76 77 1 1
87 150 1 1
75 119 1 1
114 112 1 1
113 151 1 1
114 113 1 1
70 66 1 1
87 91 1 1
92 130 1 1
59 172 1 1
171 168 1 1
81 130 1 1
101 147 1 1
70 142 1 1
131 146 1 1
133 166 1 1
81 147 1 1
64 172 1 1
176 165 1 1
91 55 1 1
94 86 1 1
75 179 1 1
137 151 1 1
69 125 1 1
148 164 1 1
149 184 1 1
94 175 1 1
91 86 1 1
86 65 1 1
87 137 1 1
49 154 1 1
134 175 1 1
91 144 1 1
59 154 1 1
135 169 1 1
120 159 1 1
111 139 1 1
77 169 1 1
112 164 1 1
56 160 1 1
88 75 1 1
105 182 1 1
181 153 1 1
75 61 1 1
104 173 1 1
153 161 1 1
72 177 1 1
45 146 1 1
142 172 1 1
95 137 1 1
69 150 1 1
88 79 1 1
92 84 1 1
189 154 1 1
71 76 1 1
44 156 1 1
76 136 1 1
110 127 1 1
42 170 1 1
84 98 1 1
187 159 1 1
53 153 1 1
104 141 1 1
68 103 1 1
112 142 1 1
78 149 1 1
127 178 1 1
79 114 1 1
123 147 1 1
89 120 1 1
75 167 1 1
102 183 1 1
86 120 1 1
67 156 1 1
133 173 1 1
191 152 1 1
89 100 1 1
104 111 1 1
174 159 1 1
102 101 1 1
78 119 1 1
88 63 1 1
106 164 1 1
104 137 1 1
85 137 1 1
100 179 1 1
168 158 1 1
112 110 1 1
104 113 1 1
83 188 1 1
89 136 1 1
114 181 1 1
125 168 1 1
89 70 1 1
94 186 1 1
133 153 1 1
133 149 1 1
96 108 1 1
75 79 1 1
80 160 1 1
93 100 1 1
67 157 1 1
78 93 1 1
89 172 1 1
85 182 1 1
54 168 1 1
175 147 1 1
42 165 1 1
46 159 1 1
110 141 1 1
164 176 1 1
98 163 1 1
137 154 1 1
109 148 1 1
63 131 1 1
85 63 1 1
147 164 1 1
65 147 1 1
126 175 1 1
145 166 1 1
67 131 1 1
166 145 1 1
73 163 1 1
79 86 1 1
135 187 1 1
111 181 1 1
51 165 1 1
84 154 1 1
108 108 1 1
97 116 1 1
197 148 1 1
71 134 1 1
61 149 1 1
43 152 1 1
122 166 1 1
100 163 1 1
69 130 1 1
82 91 1 1
201 148 1 1
133 171 1 1
89 134 1 1
76 181 1 1
44 166 1 1
80 111 1 1
69 139 1 1
114 112 1 1
171 155 1 1
83 108 1 1
79 138 1 1
111 159 1 1
98 179 1 1
75 64 1 1
111 160 1 1
178 165 1 1
129 181 1 1
144 176 1 1
126 154 1 1
52 169 1 1
90 112 1 1
51 172 1 1
114 188 1 1
93 139 1 1
69 169 1 1
63 131 1 1
175 157 1 1
192 148 1 1
80 146 1 1
82 158 1 1
160 147 1 1
95 164 1 1
74 151 1 1
39 146 1 1
194 153 1 1
111 142 1 1
189 156 1 1
152 173 1 1
136 183 1 1
202 146 1 1
135 162 1 1
185 155 1 1
100 123 1 1
139 177 1 1
114 165 1 1
153 175 1 1
126 163 1 1
62 159 1 1
127 159 1 1
159 154 1 1
63 173 1 1
91 114 1 1
123 156 1 1
73 154 1 1
87 110 1 1
86 72 1 1
100 186 1 1
80 87 1 1
124 163 1 1
76 93 1 1
60 149 1 1
161 167 1 1
101 114 1 1
75 118 1 1
54 148 1 1
55 146 1 1
84 77 1 1
64 140 1 1
185 150 1 1
155 153 1 1
89 98 1 1
59 154 1 1
97 159 1 1
144 169 1 1
70 129 1 1
151 175 1 1
161 158 1 1
91 181 1 1
114 161 1 1
108 130 1 1
96 162 1 1
63 150 1 1
104 165 1 1
70 75 1 1
154 153 1 1
111 152 1 1
179 149 1 1
175 171 1 1
105 190 1 1
161 169 1 1
132 163 1 1
96 152 1 1
68 166 1 1
48 158 1 1
107 185 1 1
91 106 1 1
67 176 1 1
135 170 1 1
87 114 1 1
128 155 1 1
52 150 1 1
82 159 1 1
39 167 1 1
76 133 1 1
156 158 1 1
157 144 1 1
90 70 1 1
87 71 1 1
79 170 1 1
57 159 1 1
143 160 1 1
70 141 1 1
110 103 1 1
124 181 1 1
163 159 1 1
132 168 1 1
111 124 1 1
171 151 1 1
177 170 1 1
68 93 1 1
165 161 1 1
161 156 1 1
144 166 1 1
80 103 1 1
73 164 1 1
78 175 1 1
118 142 1 1
81 90 1 1
86 99 1 1
75 121 1 1
142 179 1 1
82 72 1 1
184 168 1 1
123 183 1 1
89 136 1 1
85 102 1 1
85 122 1 1
89 93 1 1
164 171 1 1
149 186 1 1
64 161 1 1
76 176 1 1
99 116 1 1
99 161 1 1
101 116 1 1
92 125 1 1
63 179 1 1
85 82 1 1
137 155 1 1
65 167 1 1
171 145 1 1
96 142 1 1
80 81 1 1
72 180 1 1
76 118 1 1
54 153 1 1
87 156 1 1
149 148 1 1
139 152 1 1
82 108 1 1
96 106 1 1
93 186 1 1
141 167 1 1
120 173 1 1
104 170 1 1
83 104 1 1
86 68 1 1
68 150 1 1
50 165 1 1
158 170 1 1
70 147 1 1
74 105 1 1
69 94 1 1
115 144 1 1
79 86 1 1
65 145 1 1
67 175 1 1
113 171 1 1
79 141 1 1
99 126 1 1
45 167 1 1
82 75 1 1
56 159 1 1
80 124 1 1
49 158 1 1
172 166 1 1
153 162 1 1
102 142 1 1
43 166 1 1
101 178 1 1
87 125 1 1
86 124 1 1
145 175 1 1
80 149 1 1
103 173 1 1
186 149 1 1
111 125 1 1
75 106 1 1
165 168 1 1
150 168 1 1
46 146 1 1
82 146 1 1
76 157 1 1
108 170 1 1
140 150 1 1
71 121 1 1
40 165 1 1
84 157 1 1
107 126 1 1
172 157 1 1
114 129 1 1
62 172 1 1
112 181 1 1
97 109 1 1
69 135 1 1
85 104 1 1
116 170 1 1
121 186 1 1
185 151 1 1
73 62 1 1
133 168 1 1
118 184 1 1
88 71 1 1
123 183 1 1
78 142 1 1
110 156 1 1
72 153 1 1
127 186 1 1
172 159 1 1
100 141 1 1
134 149 1 1
129 147 1 1
106 140 1 1
67 154 1 1
85 166 1 1
138 160 1 1
152 143 1 1
156 170 1 1
114 152 1 1
94 170 1 1
146 159 1 1
117 151 1 1
79 75 1 1
132 171 1 1
105 183 1 1
114 182 1 1
92 83 1 1
81 140 1 1
182 144 1 1
84 73 1 1
93 127 1 1
80 161 1 1
66 109 1 1
96 157 1 1
95 106 1 1
177 145 1 1
73 155 1 1
78 107 1 1
177 146 1 1
83 143 1 1
82 81 1 1
114 178 1 1
118 152 1 1
71 147 1 1
73 164 1 1
94 173 1 1
78 112 1 1
179 146 1 1
199 150 1 1
56 152 1 1
82 175 1 1
76 107 1 1
98 110 1 1
88 101 1 1
59 144 1 1
131 152 1 1
92 132 1 1
77 79 1 1
55 151 1 1
102 169 1 1
123 144 1 1
118 150 1 1
95 176 1 1
116 164 1 1
75 77 1 1
123 185 1 1
56 157 1 1
93 182 1 1
127 150 1 1
104 136 1 1
77 104 1 1
104 101 1 1
91 180 1 1
101 172 1 1
91 111 1 1
79 94 1 1
70 142 1 1
176 154 1 1
178 167 1 1
67 139 1 1
123 170 1 1
144 145 1 1
74 116 1 1
110 120 1 1
122 177 1 1
93 160 1 1
76 99 1 1
120 151 1 1
162 149 1 1
106 104 1 1
113 168 1 1
89 109 1 1
73 69 1 1
127 176 1 1
104 139 1 1
98 175 1 1
102 161 1 1
160 174 1 1
81 142 1 1
78 87 1 1
112 187 1 1
81 113 1 1
91 87 1 1
95 126 1 1
103 123 1 1
145 161 1 1
138 173 1 1
167 149 1 1
125 162 1 1
133 167 1 1
66 155 1 1
126 149 1 1
94 106 1 1
92 119 1 1
69 172 1 1
74 63 1 1
160 156 1 1
134 154 1 1
176 143 1 1
200 141 1 1
149 156 1 1
83 89 1 1
94 142 1 1
91 98 1 1
43 161 1 1
84 147 1 1
59 148 1 1
81 178 1 1
85 107 1 1
118 186 1 1
76 156 1 1
115 173 1 1
175 144 1 1
182 158 1 1
199 143 1 1
141 157 1 1
191 140 1 1
80 176 1 1
73 159 1 1
83 88 1 1
72 74 1 1
70 87 1 1
111 129 1 1
192 153 1 1
87 156 1 1
88 133 1 1
103 173 1 1
107 108 1 1
153 151 1 1
82 178 1 1
93 149 1 1
67 167 1 1
85 65 1 1
80 113 1 1
151 167 1 1
100 179 1 1
109 158 1 1
91 139 1 1
71 117 1 1
122 150 1 1
103 133 1 1
110 112 1 1
105 160 1 1
134 178 1 1
185 166 1 1
105 113 1 1
100 121 1 1
132 167 1 1
137 146 1 1
174 157 1 1
60 143 1 1
55 162 1 1
155 143 1 1
117 168 1 1
73 111 1 1
127 146 1 1
79 78 1 1
66 102 1 1
87 89 1 1
82 82 1 1
43 171 1 1
83 86 1 1
188 152 1 1
41 164 1 1
119 183 1 1
77 144 1 1
72 142 1 1
76 151 1 1
44 167 1 1
72 82 1 1
82 97 1 1
102 129 1 1
87 136 1 1
86 176 1 1
130 158 1 1
90 117 1 1
181 153 1 1
109 111 1 1
135 184 1 1
105 188 1 1
102 160 1 1
122 158 1 1
85 142 1 1
89 101 1 1
148 160 1 1
119 170 1 1
178 146 1 1
107 175 1 1
102 110 1 1
148 177 1 1
181 153 1 1
123 177 1 1
168 173 1 1
146 143 1 1
80 169 1 1
96 170 1 1
92 116 1 1
122 187 1 1
167 145 1 1
153 152 1 1
78 61 1 1
144 150 1 1
109 132 1 1
154 179 1 1
123 165 1 1
187 156 1 1
146 179 1 1
97 180 1 1
78 156 1 1
97 123 1 1
75 160 1 1
79 155 1 1
200 147 1 1
115 120 1 1
90 102 1 1
143 172 1 1
78 146 1 1
76 157 1 1
83 94 1 1
73 143 1 1
155 157 1 1
74 144 1 1
74 180 1 1
86 78 1 1
96 106 1 1
96 137 1 1
167 147 1 1
78 129 1 1
89 97 1 1
74 85 1 1
86 115 1 1
154 144 1 1
161 170 1 1
88 186 1 1
75 181 1 1
154 157 1 1
83 155 1 1
68 127 1 1
79 140 1 1
97 167 1 1
88 130 1 1
70 138 1 1
72 84 1 1
161 148 1 1
97 112 1 1
86 183 1 1
73 144 1 1
178 150 1 1
157 162 1 1
127 148 1 1
100 131 1 1
105 103 1 1
99 163 1 1
178 151 1 1
144 181 1 1
82 157 1 1
96 158 1 1
149 161 1 1
138 173 1 1
146 167 1 1
93 164 1 1
152 163 1 1
108 113 1 1
77 142 1 1
74 85 1 1
96 96 1 1
93 172 1 1
174 145 1 1
94 157 1 1
76 102 1 1
88 81 1 1
70 62 1 1
81 144 1 1
154 160 1 1
71 125 1 1
177 158 1 1
83 162 1 1
97 158 1 1
89 122 1 1
109 187 1 1
107 129 1 1
109 189 1 1
52 149 1 1
144 166 1 1
60 151 1 1
113 121 1 1
158 161 1 1
80 169 1 1
167 159 1 1
109 156 1 1
52 164 1 1
88 178 1 1
55 167 1 1
130 178 1 1
80 110 1 1
84 107 1 1
113 187 1 1
123 177 1 1
113 107 1 1
89 150 1 1
130 167 1 1
91 136 1 1
106 157 1 1
123 179 1 1
182 146 1 1
131 161 1 1
139 179 1 1
163 166 1 1
97 111 1 1
115 116 1 1
97 160 1 1
56 152 1 1
107 104 1 1
135 187 1 1
153 174 1 1
161 154 1 1
88 160 1 1
98 168 1 1
138 151 1 1
158 148 1 1
92 146 1 1
81 176 1 1
117 174 1 1
176 163 1 1
72 126 1 1
122 154 1 1
92 105 1 1
84 182 1 1
115 115 1 1
67 106 1 1
126 186 1 1
91 99 1 1
65 138 1 1
54 148 1 1
95 121 1 1
81 167 1 1
123 170 1 1
157 162 1 1
146 172 1 1
109 185 1 1
113 149 1 1
89 93 1 1
114 143 1 1
62 150 1 1
175 154 1 1
123 189 1 1
112 183 1 1
183 156 1 1
200 155 1 1
109 126 1 1
70 88 1 1
95 108 1 1
87 140 1 1
81 141 1 1
91 104 1 1
71 149 1 1
139 165 1 1
201 148 1 1
74 69 1 1
85 83 1 1
81 181 1 1
143 156 1 1
77 154 1 1
94 122 1 1
147 152 1 1
88 108 1 1
60 169 1 1
103 159 1 1
82 98 1 1
136 163 1 1
87 91 1 1
66 151 1 1
69 168 1 1
43 169 1 1
77 79 1 1
124 158 1 1
168 175 1 1
142 144 1 1
134 182 1 1
124 151 1 1
90 149 1 1
41 169 1 1
196 154 1 1
89 110 1 1
168 145 1 1
68 88 1 1
95 96 1 1
66 139 1 1
202 145 1 1
42 150 1 1
42 154 1 1
57 159 1 1
129 148 1 1
76 66 1 1
132 158 1 1
164 171 1 1
78 82 1 1
126 156 1 1
52 148 1 1
85 132 1 1
103 115 1 1
91 152 1 1
154 155 1 1
102 185 1 1
123 149 1 1
79 153 1 1
70 146 1 1
67 161 1 1
126 187 1 1
154 147 1 1
64 169 1 1
114 156 1 1
57 171 1 1
123 146 1 1
99 102 1 1
82 97 1 1
136 147 1 1
98 160 1 1
105 163 1 1
119 156 1 1
148 152 1 1
107 174 1 1
102 119 1 1
86 91 1 1
171 165 1 1
111 171 1 1
157 167 1 1
118 175 1 1
87 100 1 1
61 155 1 1
84 132 1 1
50 169 1 1
163 162 1 1
131 161 1 1
49 150 1 1
81 103 1 1
163 147 1 1
155 153 1 1
147 145 1 1
190 150 1 1
46 161 1 1
150 151 1 1
191 146 1 1
190 155 1 1
187 166 1 1
137 186 1 1
82 108 1 1
106 130 1 1
79 116 1 1
123 168 1 1
110 122 1 1
68 91 1 1
94 126 1 1
74 114 1 1
89 83 1 1
104 126 1 1
76 85 1 1
94 90 1 1
96 170 1 1
151 152 1 1
68 111 1 1
88 181 1 1
113 143 1 1
165 145 1 1
175 172 1 1
142 162 1 1
91 123 1 1
67 171 1 1
94 178 1 1
86 141 1 1
180 158 1 1
148 153 1 1
109 161 1 1
68 182 1 1
74 135 1 1
176 143 1 1
171 163 1 1
70 91 1 1
80 75 1 1
78 165 1 1
106 141 1 1
134 186 1 1
87 69 1 1
81 78 1 1
144 166 1 1
70 154 1 1
127 146 1 1
72 173 1 1
73 165 1 1
116 166 1 1
98 166 1 1
81 137 1 1
107 147 1 1
68 154 1 1
142 178 1 1
72 93 1 1
106 137 1 1
65 147 1 1
145 148 1 1
91 171 1 1
146 157 1 1
95 111 1 1
110 133 1 1
96 98 1 1
87 93 1 1
94 128 1 1
113 176 1 1
68 165 1 1
182 161 1 1
84 126 1 1
69 150 1 1
138 148 1 1
115 136 1 1
75 86 1 1
75 119 1 1
70 102 1 1
118 148 1 1
103 108 1 1
100 172 1 1
71 155 1 1
100 164 1 1
106 164 1 1
103 187 1 1
74 61 1 1
82 128 1 1
161 170 1 1
87 190 1 1
144 153 1 1
114 147 1 1
114 105 1 1
113 123 1 1
81 65 1 1
163 176 1 1
68 163 1 1
154 155 1 1
131 178 1 1
107 142 1 1
88 133 1 1
143 189 1 1
104 151 1 1
196 156 1 1
66 121 1 1
68 152 1 1
169 172 1 1
85 111 1 1
174 163 1 1
127 170 1 1
78 138 1 1
101 146 1 1
85 86 1 1
140 187 1 1
111 106 1 1
73 174 1 1
117 181 1 1
129 187 1 1
116 166 1 1
136 167 1 1
75 170 1 1
74 166 1 1
77 86 1 1
73 126 1 1
174 170 1 1
78 65 1 1
65 164 1 1
80 110 1 1
75 145 1 1
170 160 1 1
100 167 1 1
95 117 1 1
89 66 1 1
141 159 1 1
109 108 1 1
106 180 1 1
137 175 1 1
175 167 1 1
106 105 1 1
127 155 1 1
180 169 1 1
83 93 1 1
151 156 1 1
53 152 1 1
93 186 1 1
81 75 1 1
92 89 1 1
71 98 1 1
112 155 1 1
78 104 1 1
63 171 1 1
171 144 1 1
86 149 1 1
175 145 1 1
51 159 1 1
112 106 1 1
43 150 1 1
83 128 1 1
104 115 1 1
78 177 1 1
114 146 1 1
82 177 1 1
148 147 1 1
110 138 1 1
80 131 1 1
183 163 1 1
78 88 1 1
72 166 1 1
82 132 1 1
112 173 1 1
72 100 1 1
82 167 1 1
131 160 1 1
87 110 1 1
113 140 1 1
81 102 1 1
189 143 1 1
83 120 1 1
53 149 1 1
106 155 1 1
73 161 1 1
92 94 1 1
100 158 1 1
69 100 1 1
194 149 1 1
71 98 1 1
95 103 1 1
191 163 1 1
129 163 1 1
91 141 1 1
88 175 1 1
76 90 1 1
73 159 1 1
107 111 1 1
52 151 1 1
66 144 1 1
123 149 1 1
89 150 1 1
175 157 1 1
67 158 1 1
80 153 1 1
99 158 1 1
144 182 1 1
90 75 1 1
183 155 1 1
88 93 1 1
104 182 1 1
102 160 1 1
97 113 1 1
135 185 1 1
103 136 1 1
104 173 1 1
88 125 1 1
61 141 1 1
75 162 1 1
73 103 1 1
55 162 1 1
77 124 1 1
136 168 1 1
89 79 1 1
82 87 1 1
88 149 1 1
158 166 1 1
151 154 1 1
102 104 1 1
150 174 1 1
113 113 1 1
107 173 1 1
106 163 1 1
103 142 1 1
97 96 1 1
98 187 1 1
58 155 1 1
99 112 1 1
58 149 1 1
44 158 1 1
134 179 1 1
126 161 1 1
131 156 1 1
92 112 1 1
134 155 1 1
87 110 1 1
110 118 1 1
156 167 1 1
74 116 1 1
143 154 1 1
105 167 1 1
73 146 1 1
67 175 1 1
108 138 1 1
60 159 1 1
117 140 1 1
74 74 1 1
86 164 1 1
80 117 1 1
149 164 1 1
93 95 1 1
124 158 1 1
73 155 1 1
140 185 1 1
66 165 1 1
72 147 1 1
74 143 1 1
163 150 1 1
108 189 1 1
127 150 1 1
147 150 1 1
188 153 1 1
79 99 1 1
80 142 1 1
126 168 1 1
73 97 1 1
105 171 1 1
86 79 1 1
88 175 1 1
179 153 1 1
89 146 1 1
69 159 1 1
97 187 1 1
66 140 1 1
89 186 1 1
136 146 1 1
95 112 1 1
119 160 1 1
100 172 1 1
90 174 1 1
144 153 1 1
101 130 1 1
142 176 1 1
100 104 1 1
50 159 1 1
188 150 1 1
97 125 1 1
91 182 1 1
75 109 1 1
149 173 1 1
141 144 1 1
108 101 1 1
57 161 1 1
42 151 1 1
113 150 1 1
43 158 1 1
78 109 1 1
89 106 1 1
161 177 1 1
93 164 1 1
133 189 1 1
66 126 1 1
145 183 1 1
71 183 1 1
146 146 1 1
98 154 1 1
109 106 1 1
111 175 1 1
107 151 1 1
82 150 1 1
144 182 1 1
95 103 1 1
107 112 1 1
82 117 1 1
80 85 1 1
147 176 1 1
47 172 1 1
88 125 1 1
105 107 1 1
93 125 1 1
77 113 1 1
103 157 1 1
138 151 1 1
88 117 1 1
114 157 1 1
71 114 1 1
88 179 1 1
156 158 1 1
106 188 1 1
91 178 1 1
113 172 1 1
92 156 1 1
189 163 1 1
122 171 1 1
80 159 1 1
152 169 1 1
85 162 1 1
75 177 1 1
152 181 1 1
195 159 1 1
101 137 1 1
128 160 1 1
91 73 1 1
91 93 1 1
170 162 1 1
72 118 1 1
78 85 1 1
48 168 1 1
182 144 1 1
61 136 1 1
114 183 1 1
82 165 1 1
67 129 1 1
78 146 1 1
73 169 1 1
114 186 1 1
99 116 1 1
71 178 1 1
110 116 1 1
103 173 1 1
69 94 1 1
136 161 1 1
69 147 1 1
128 174 1 1
117 187 1 1
136 165 1 1
95 100 1 1
172 161 1 1
99 112 1 1
200 142 1 1
90 185 1 1
81 139 1 1
83 100 1 1
189 138 1 1
41 167 1 1
69 141 1 1
113 114 1 1
160 156 1 1
73 97 1 1
148 157 1 1
80 131 1 1
91 75 1 1
81 173 1 1
86 177 1 1
100 164 1 1
87 157 1 1
180 147 1 1
98 140 1 1
173 170 1 1
71 100 1 1
68 128 1 1
121 146 1 1
159 168 1 1
178 162 1 1
120 155 1 1
117 172 1 1
63 144 1 1
51 166 1 1
78 128 1 1
98 133 1 1
187 143 1 1
179 158 1 1
142 160 1 1
101 112 1 1
100 112 1 1
83 174 1 1
110 137 1 1
189 150 1 1
77 83 1 1
138 166 1 1
142 169 1 1
169 176 1 1
102 101 1 1
58 155 1 1
132 173 1 1
81 153 1 1
73 101 1 1
191 163 1 1
129 166 1 1
115 166 1 1
111 122 1 1
112 173 1 1
82 116 1 1
67 157 1 1
53 162 1 1
136 159 1 1
129 166 1 1
100 126 1 1
94 122 1 1
166 156 1 1
128 168 1 1
73 162 1 1
115 139 1 1
66 121 1 1
137 146 1 1
70 71 1 1
93 95 1 1
101 142 1 1
107 127 1 1
163 175 1 1
61 171 1 1
91 139 1 1
97 104 1 1
119 154 1 1
114 113 1 1
106 148 1 1
81 185 1 1
157 161 1 1
119 160 1 1
190 142 1 1
90 134 1 1
114 115 1 1
159 169 1 1
78 160 1 1
114 160 1 1
183 152 1 1
82 113 1 1
111 147 1 1
181 151 1 1
73 74 1 1
89 153 1 1
115 132 1 1
90 110 1 1
143 145 1 1
169 164 1 1
72 103 1 1
186 146 1 1
91 84 1 1
130 162 1 1
93 164 1 1
84 117 1 1
83 94 1 1
131 159 1 1
118 178 1 1
153 163 1 1
78 67 1 1
137 175 1 1
165 143 1 1
78 142 1 1
98 150 1 1
125 156 1 1
107 134 1 1
86 153 1 1
178 166 1 1
103 120 1 1
125 180 1 1
98 149 1 1
67 138 1 1
125 152 1 1
91 60 1 1
69 167 1 1
79 168 1 1
114 103 1 1
80 79 1 1
152 147 1 1
85 152 1 1
79 92 1 1
105 137 1 1
133 157 1 1
126 145 1 1
57 146 1 1
104 113 1 1
123 173 1 1
66 163 1 1
103 167 1 1
109 133 1 1
94 100 1 1
95 92 1 1
136 172 1 1
80 113 1 1
96 155 1 1
97 137 1 1
100 162 1 1
109 139 1 1
97 180 1 1
60 165 1 1
72 172 1 1
103 107 1 1
179 167 1 1
71 94 1 1
146 149 1 1
76 100 1 1
78 79 1 1
134 167 1 1
104 102 1 1
142 162 1 1
46 172 1 1
165 145 1 1
68 151 1 1
182 169 1 1
65 129 1 1
111 141 1 1
82 129 1 1
96 140 1 1
144 181 1 1
59 160 1 1
181 151 1 1
81 142 1 1
106 162 1 1
64 137 1 1
109 149 1 1
59 170 1 1
122 173 1 1
75 138 1 1
80 68 1 1
142 180 1 1
89 173 1 1
157 173 1 1
75 153 1 1
99 144 1 1
140 184 1 1
88 125 1 1
172 159 1 1
132 156 1 1
162 144 1 1
159 180 1 1
115 189 1 1
108 140 1 1
196 154 1 1
101 185 1 1
80 98 1 1
158 156 1 1
86 129 1 1
115 189 1 1
176 168 1 1
99 129 1 1
61 132 1 1
88 190 1 1
59 152 1 1
85 128 1 1
82 113 1 1
103 155 1 1
136 161 1 1
113 169 1 1
115 144 1 1
82 116 1 1
81 104 1 1
169 159 1 1
91 134 1 1
67 178 1 1
68 91 1 1
99 141 1 1
136 187 1 1
96 132 1 1
83 121 1 1
156 161 1 1
79 112 1 1
61 175 1 1
59 147 1 1
131 149 1 1
77 167 1 1
144 153 1 1
64 175 1 1
90 65 1 1
132 164 1 1
43 167 1 1
140 159 1 1
107 172 1 1
102 129 1 1
174 152 1 1
113 129 1 1
109 138 1 1
102 136 1 1
72 177 1 1
84 91 1 1
197 142 1 1
194 147 1 1
105 117 1 1
72 125 1 1
88 63 1 1
177 166 1 1
55 146 1 1
92 143 1 1
190 148 1 1
127 175 1 1
62 145 1 1
87 81 1 1
84 106 1 1
97 153 1 1
78 96 1 1
81 91 1 1
113 126 1 1
108 162 1 1
192 158 1 1
107 157 1 1
142 169 1 1
93 134 1 1
139 172 1 1
156 157 1 1
105 135 1 1
170 144 1 1
190 144 1 1
115 174 1 1
96 158 1 1
68 140 1 1
126 182 1 1
181 166 1 1
99 151 1 1
140 148 1 1
76 141 1 1
39 154 1 1
95 148 1 1
39 149 1 1
88 106 1 1
43 160 1 1
39 149 1 1
143 185 1 1
150 146 1 1
96 157 1 1
92 188 1 1
102 184 1 1
113 160 1 1
170 147 1 1
97 150 1 1
103 127 1 1
45 159 1 1
111 148 1 1
160 152 1 1
153 151 1 1
89 172 1 1
89 93 1 1
78 162 1 1
110 135 1 1
161 173 1 1
75 129 1 1
133 159 1 1
197 162 1 1
47 160 1 1
88 113 1 1
124 186 1 1
96 167 1 1
82 90 1 1
113 130 1 1
58 155 1 1
181 147 1 1
88 112 1 1
139 147 1 1
95 134 1 1
50 159 1 1
172 157 1 1
141 173 1 1
121 181 1 1
90 117 1 1
83 157 1 1
120 151 1 1
85 75 1 1
86 145 1 1
60 156 1 1
157 155 1 1
60 156 1 1
80 116 1 1
157 158 1 1
193 149 1 1
79 170 1 1
142 177 1 1
66 135 1 1
171 170 1 1
39 147 1 1
90 138 1 1
100 122 1 1
48 171 1 1
90 92 1 1
119 148 1 1
72 126 1 1
91 174 1 1
134 174 1 1
61 162 1 1
42 157 1 1
109 126 1 1
97 118 1 1
180 162 1 1
90 70 1 1
98 160 1 1
133 146 1 1
94 134 1 1
74 155 1 1
105 142 1 1
91 126 1 1
83 113 1 1
77 159 1 1
75 165 1 1
85 165 1 1
149 161 1 1
125 179 1 1
102 102 1 1
84 142 1 1
74 82 1 1
170 158 1 1
134 164 1 1
57 146 1 1
158 161 1 1
129 156 1 1
97 115 1 1
166 159 1 1
96 102 1 1
91 60 1 1
77 175 1 1
68 119 1 1
147 186 1 1
67 148 1 1
75 83 1 1
119 184 1 1
108 137 1 1
181 150 1 1
92 129 1 1
91 75 1 1
111 187 1 1
107 145 1 1
100 123 1 1
68 149 1 1
108 177 1 1
93 101 1 1
84 77 1 1
144 183 1 1
95 93 1 1
78 166 1 1
80 67 1 1
70 111 1 1
125 166 1 1
86 162 1 1
96 123 1 1
113 153 1 1
75 122 1 1
86 97 1 1
87 145 1 1
139 155 1 1
80 65 1 1
83 145 1 1
97 165 1 1
86 160 1 1
79 130 1 1
85 97 1 1
85 170 1 1
71 135 1 1
91 98 1 1
64 137 1 1
114 143 1 1
88 104 1 1
74 142 1 1
78 91 1 1
141 147 1 1
91 133 1 1
53 150 1 1
74 98 1 1
78 137 1 1
84 104 1 1
113 170 1 1
50 167 1 1
46 164 1 1
52 163 1 1
70 107 1 1
74 114 1 1
98 181 1 1
66 158 1 1
90 136 1 1
116 153 1 1
41 153 1 1
82 97 1 1
123 174 1 1
184 148 1 1
89 164 1 1
103 181 1 1
83 100 1 1
183 165 1 1
145 167 1 1
201 152 1 1
76 81 1 1
114 179 1 1
77 101 1 1
94 188 1 1
85 169 1 1
194 137 1 1
120 184 1 1
73 154 1 1
78 182 1 1
168 161 1 1
73 157 1 1
77 140 1 1
75 147 1 1
71 167 1 1
105 150 1 1
42 158 1 1
172 153 1 1
80 78 1 1
97 143 1 1
92 145 1 1
86 127 1 1
82 173 1 1
80 134 1 1
196 151 1 1
78 167 1 1
81 147 1 1
92 130 1 1
59 168 1 1
67 104 1 1
147 156 1 1
68 162 1 1
89 130 1 1
78 151 1 1
113 141 1 1
68 106 1 1
80 158 1 1
111 128 1 1
159 170 1 1
73 88 1 1
182 159 1 1
83 173 1 1
109 161 1 1
189 160 1 1
144 165 1 1
63 134 1 1
82 154 1 1
200 149 1 1
147 143 1 1
63 171 1 1
93 91 1 1
101 111 1 1
94 99 1 1
176 147 1 1
182 155 1 1
126 173 1 1
87 184 1 1
143 146 1 1
115 126 1 1
80 135 1 1
80 149 1 1
72 183 1 1
65 164 1 1
87 175 1 1
77 150 1 1
39 158 1 1
151 165 1 1
76 88 1 1
89 125 1 1
92 122 1 1
106 186 1 1
148 162 1 1
88 77 1 1
146 156 1 1
90 182 1 1
82 162 1 1
132 147 1 1
133 176 1 1
87 104 1 1
147 154 1 1
191 156 1 1
153 168 1 1
71 166 1 1
176 161 1 1
116 163 1 1
130 171 1 1
48 168 1 1
74 151 1 1
82 72 1 1
80 108 1 1
76 177 1 1
71 78 1 1
140 156 1 1
92 100 1 1
78 182 1 1
137 173 1 1
178 149 1 1
86 96 1 1
168 171 1 1
156 181 1 1
78 145 1 1
111 155 1 1
90 190 1 1
112 186 1 1
145 185 1 1
163 150 1 1
163 173 1 1
97 172 1 1
84 93 1 1
106 151 1 1
171 167 1 1
191 156 1 1
152 151 1 1
71 151 1 1
85 180 1 1
90 107 1 1
176 153 1 1
105 158 1 1
105 120 1 1
116 174 1 1
52 172 1 1
63 130 1 1
71 135 1 1
89 102 1 1
71 147 1 1
109 131 1 1
97 114 1 1
86 124 1 1
68 83 1 1
139 164 1 1
194 146 1 1
157 156 1 1
201 148 1 1
82 105 1 1
68 125 1 1
97 115 1 1
90 82 1 1
85 67 1 1
74 65 1 1
76 146 1 1
88 172 1 1
60 157 1 1
83 105 1 1
95 91 1 1
137 153 1 1
102 137 1 1
187 164 1 1
86 184 1 1
90 175 1 1
156 156 1 1
102 145 1 1
172 155 1 1
135 161 1 1
61 144 1 1
113 161 1 1
168 157 1 1
113 173 1 1
122 154 1 1
85 154 1 1
81 99 1 1
163 143 1 1
46 172 1 1
163 167 1 1
87 79 1 1
62 147 1 1
95 101 1 1
157 153 1 1
83 163 1 1
148 149 1 1
146 174 1 1
98 101 1 1
84 179 1 1
84 169 1 1
161 175 1 1
83 98 1 1
133 151 1 1
198 148 1 1
198 135 1 1
166 172 1 1
128 143 1 1
92 159 1 1
55 172 1 1
67 171 1 1
101 164 1 1
179 156 1 1
128 184 1 1
80 72 1 1
74 176 1 1
178 163 1 1
155 173 1 1
108 188 1 1
96 156 1 1
75 72 1 1
124 164 1 1
115 150 1 1
84 168 1 1
127 155 1 1
62 161 1 1
166 174 1 1
82 86 1 1
55 154 1 1
111 163 1 1
78 119 1 1
113 151 1 1
107 106 1 1
74 183 1 1
84 121 1 1
84 147 1 1
107 161 1 1
41 146 1 1
157 163 1 1
79 129 1 1
88 144 1 1
83 128 1 1
70 75 1 1
75 84 1 1
156 154 1 1
81 170 1 1
183 157 1 1
44 146 1 1
134 189 1 1
119 151 1 1
69 94 1 1
154 169 1 1
52 154 1 1
88 106 1 1
55 172 1 1
62 144 1 1
93 125 1 1
60 147 1 1
151 175 1 1
152 174 1 1
112 109 1 1
159 151 1 1
68 106 1 1
85 63 1 1
73 136 1 1
85 135 1 1
91 128 1 1
88 181 1 1
107 141 1 1
133 171 1 1
93 98 1 1
157 169 1 1
85 173 1 1
168 143 1 1
78 113 1 1
71 137 1 1
68 155 1 1
81 159 1 1
150 176 1 1
101 110 1 1
113 167 1 1
74 83 1 1
175 143 1 1
109 163 1 1
66 167 1 1
79 185 1 1
137 154 1 1
121 154 1 1
121 182 1 1
80 145 1 1
85 146 1 1
97 100 1 1
71 125 1 1
76 112 1 1
93 123 1 1
87 142 1 1
159 156 1 1
162 144 1 1
123 159 1 1
113 148 1 1
156 170 1 1
116 183 1 1
75 74 1 1
82 118 1 1
78 140 1 1
131 146 1 1
73 164 1 1
140 184 1 1
88 66 1 1
104 140 1 1
163 171 1 1
86 94 1 1
68 163 1 1
67 117 1 1
45 172 1 1
98 123 1 1
100 179 1 1
67 151 1 1
78 181 1 1
88 128 1 1
141 172 1 1
75 108 1 1
106 121 1 1
107 183 1 1
85 148 1 1
110 134 1 1
86 156 1 1
98 105 1 1
88 131 1 1
178 162 1 1
134 181 1 1
158 170 1 1
116 176 1 1
127 146 1 1
197 152 1 1
165 147 1 1
120 153 1 1
87 142 1 1
161 173 1 1
83 168 1 1
113 187 1 1
130 161 1 1
91 164 1 1
158 158 1 1
81 157 1 1
179 165 1 1
94 185 1 1
128 164 1 1
141 183 1 1
147 157 1 1
125 173 1 1
76 75 1 1
109 105 1 1
47 163 1 1
196 154 1 1
196 159 1 1
91 110 1 1
48 165 1 1
105 139 1 1
99 189 1 1
171 148 1 1
86 97 1 1
164 162 1 1
89 143 1 1
93 139 1 1
133 145 1 1
152 184 1 1
138 167 1 1
46 150 1 1
100 123 1 1
124 186 1 1
115 174 1 1
89 135 1 1
108 123 1 1
107 116 1 1
83 148 1 1
104 131 1 1
107 180 1 1
81 78 1 1
101 153 1 1
82 174 1 1
195 146 1 1
159 144 1 1
81 128 1 1
78 95 1 1
195 147 1 1
91 190 1 1
62 128 1 1
78 71 1 1
89 79 1 1
91 117 1 1
56 150 1 1
80 91 1 1
144 150 1 1
84 91 1 1
62 135 1 1
50 160 1 1
89 177 1 1
89 186 1 1
89 100 1 1
44 149 1 1
46 169 1 1
130 169 1 1
88 115 1 1
115 183 1 1
75 147 1 1
59 151 1 1
111 101 1 1
71 108 1 1
130 186 1 1
107 133 1 1
85 85 1 1
167 165 1 1
145 152 1 1
114 189 1 1
160 168 1 1
72 155 1 1
100 190 1 1
64 175 1 1
90 188 1 1
92 175 1 1
95 186 1 1
79 64 1 1
152 170 1 1
99 155 1 1
100 112 1 1
137 182 1 1
72 62 1 1
146 180 1 1
153 169 1 1
83 74 1 1
143 182 1 1
175 168 1 1
154 172 1 1
75 134 1 1
114 172 1 1
111 163 1 1
68 178 1 1
144 161 1 1
94 123 1 1
51 157 1 1
90 135 1 1
130 153 1 1
159 160 1 1
152 147 1 1
70 133 1 1
124 160 1 1
102 136 1 1
65 164 1 1
123 167 1 1
177 143 1 1
121 147 1 1
172 164 1 1
128 169 1 1
104 101 1 1
97 142 1 1
49 159 1 1
69 174 1 1
141 155 1 1
75 77 1 1
132 184 1 1
88 71 1 1
185 155 1 1
89 154 1 1
193 160 1 1
168 162 1 1
77 161 1 1
78 70 1 1
102 167 1 1
94 180 1 1
172 170 1 1
87 141 1 1
111 141 1 1
84 62 1 1
151 162 1 1
144 165 1 1
103 172 1 1
81 154 1 1
109 146 1 1
94 113 1 1
105 190 1 1
164 151 1 1
72 120 1 1
151 160 1 1
40 160 1 1
133 143 1 1
132 186 1 1
97 116 1 1
95 187 1 1
77 114 1 1
176 153 1 1
93 187 1 1
156 144 1 1
87 75 1 1
111 147 1 1
59 153 1 1
116 184 1 1
86 100 1 1
82 111 1 1
63 161 1 1
108 122 1 1
188 150 1 1
76 88 1 1
89 89 1 1
166 166 1 1
140 169 1 1
139 165 1 1
144 179 1 1
86 136 1 1
79 77 1 1
76 82 1 1
199 147 1 1
92 135 1 1
132 159 1 1
98 111 1 1
117 170 1 1
81 153 1 1
115 134 1 1
74 141 1 1
100 186 1 1
132 174 1 1
87 64 1 1
177 155 1 1
167 161 1 1
47 168 1 1
71 69 1 1
100 150 1 1
66 149 1 1
91 65 1 1
116 159 1 1
110 186 1 1
88 105 1 1
85 155 1 1
127 175 1 1
69 97 1 1
98 117 1 1
192 146 1 1
77 161 1 1
122 161 1 1
69 162 1 1
74 72 1 1
66 142 1 1
77 127 1 1
102 181 1 1
83 171 1 1
101 137 1 1
87 78 1 1
104 134 1 1
92 144 1 1
109 188 1 1
80 116 1 1
173 165 1 1
91 119 1 1
74 164 1 1
189 156 1 1
84 177 1 1
97 186 1 1
40 167 1 1
151 165 1 1
86 184 1 1
59 163 1 1
95 144 1 1
78 129 1 1
77 103 1 1
168 155 1 1
89 78 1 1
84 171 1 1
125 150 1 1
108 181 1 1
179 144 1 1
72 106 1 1
129 168 1 1
156 149 1 1
152 154 1 1
73 167 1 1
77 123 1 1
81 85 1 1
110 167 1 1
75 65 1 1
120 141 1 1
72 82 1 1
93 163 1 1
74 131 1 1
92 153 1 1
125 188 1 1
58 172 1 1
72 86 1 1
163 165 1 1
151 153 1 1
169 160 1 1
114 159 1 1
140 178 1 1
186 150 1 1
152 180 1 1
72 90 1 1
116 138 1 1
195 142 1 1
98 172 1 1
116 152 1 1
65 158 1 1
42 166 1 1
133 184 1 1
188 162 1 1
145 172 1 1
54 159 1 1
74 106 1 1
96 163 1 1
119 140 1 1
105 103 1 1
107 124 1 1
120 164 1 1
104 160 1 1
74 81 1 1
68 152 1 1
77 62 1 1
102 104 1 1
69 141 1 1
109 135 1 1
68 157 1 1
86 96 1 1
97 152 1 1
81 133 1 1
100 168 1 1
55 153 1 1
88 159 1 1
65 143 1 1
93 93 1 1
82 124 1 1
86 183 1 1
191 143 1 1
48 169 1 1
65 171 1 1
72 140 1 1
74 61 1 1
72 171 1 1
86 159 1 1
94 102 1 1
92 92 1 1
83 107 1 1
110 101 1 1
69 90 1 1
190 151 1 1
97 126 1 1
111 103 1 1
88 123 1 1
68 156 1 1
106 113 1 1
121 162 1 1
71 175 1 1
65 174 1 1
76 183 1 1
79 122 1 1
92 125 1 1
124 185 1 1
107 146 1 1
182 147 1 1
52 159 1 1
76 139 1 1
194 146 1 1
122 168 1 1
83 86 1 1
71 135 1 1
68 150 1 1
65 170 1 1
162 153 1 1
112 162 1 1
98 108 1 1
57 152 1 1
180 160 1 1
76 95 1 1
79 147 1 1
88 112 1 1
65 134 1 1
65 154 1 1
104 113 1 1
65 135 1 1
70 86 1 1
151 169 1 1
80 130 1 1
122 152 1 1
75 92 1 1
196 140 1 1
93 120 1 1
172 149 1 1
76 93 1 1
97 129 1 1
91 175 1 1
122 167 1 1
105 177 1 1
115 114 1 1
61 152 1 1
113 141 1 1
125 151 1 1
110 148 1 1
129 149 1 1
126 177 1 1
137 149 1 1
94 169 1 1
53 163 1 1
83 66 1 1
85 99 1 1
89 59 1 1
164 167 1 1
183 146 1 1
86 170 1 1
68 182 1 1
82 183 1 1
191 163 1 1
44 153 1 1
159 173 1 1
79 173 1 1
77 109 1 1
162 175 1 1
90 186 1 1
78 161 1 1
153 154 1 1
92 180 1 1
50 167 1 1
102 145 1 1
83 171 1 1
176 167 1 1
132 181 1 1
79 97 1 1
55 160 1 1
78 131 1 1
64 148 1 1
85 184 1 1
100 138 1 1
159 156 1 1
158 164 1 1
90 99 1 1
116 148 1 1
86 71 1 1
69 141 1 1
69 88 1 1
91 151 1 1
100 122 1 1
102 111 1 1
102 110 1 1
67 129 1 1
96 118 1 1
102 102 1 1
88 154 1 1
93 155 1 1
62 145 1 1
113 182 1 1
78 153 1 1
100 126 1 1
80 159 1 1
75 142 1 1
178 151 1 1
100 142 1 1
85 166 1 1
91 176 1 1
127 155 1 1
67 110 1 1
172 163 1 1
118 184 1 1
132 174 1 1
69 177 1 1
164 147 1 1
165 153 1 1
108 165 1 1
82 76 1 1
71 141 1 1
128 172 1 1
124 146 1 1
86 101 1 1
50 163 1 1
84 132 1 1
119 170 1 1
63 144 1 1
79 163 1 1
128 154 1 1
79 176 1 1
141 181 1 1
118 174 1 1
83 102 1 1
123 187 1 1
89 105 1 1
115 113 1 1
188 144 1 1
68 125 1 1
88 111 1 1
188 158 1 1
87 86 1 1
113 166 1 1
79 83 1 1
100 157 1 1
101 179 1 1
85 182 1 1
194 138 1 1
174 153 1 1
163 155 1 1
80 186 1 1
106 105 1 1
105 177 1 1
73 76 1 1
151 145 1 1
153 175 1 1
61 168 1 1
109 107 1 1
73 120 1 1
129 187 1 1
157 175 1 1
88 131 1 1
157 167 1 1
110 156 1 1
145 175 1 1
45 151 1 1
151 163 1 1
97 131 1 1
192 142 1 1
102 173 1 1
94 153 1 1
179 163 1 1
79 137 1 1
103 169 1 1
112 168 1 1
82 68 1 1
84 103 1 1
195 143 1 1
136 180 1 1
43 148 1 1
89 93 1 1
147 175 1 1
75 145 1 1
104 151 1 1
98 127 1 1
75 180 1 1
70 119 1 1
84 109 1 1
131 168 1 1
147 185 1 1
100 186 1 1
59 155 1 1
120 166 1 1
135 162 1 1
111 154 1 1
53 149 1 1
54 162 1 1
159 152 1 1
72 180 1 1
151 154 1 1
113 111 1 1
75 154 1 1
148 181 1 1
92 115 1 1
182 150 1 1
65 157 1 1
126 175 1 1
141 182 1 1
62 143 1 1
191 148 1 1
76 86 1 1
96 150 1 1
81 136 1 1
61 165 1 1
77 174 1 1
86 140 1 1
173 160 1 1
78 125 1 1
166 152 1 1
89 163 1 1
85 153 1 1
95 161 1 1
49 148 1 1
136 162 1 1
96 143 1 1
101 185 1 1
122 148 1 1
109 147 1 1
132 162 1 1
173 160 1 1
129 153 1 1
161 173 1 1
81 165 1 1
60 159 1 1
96 141 1 1
94 142 1 1
145 151 1 1
81 166 1 1
81 170 1 1
55 168 1 1
107 148 1 1
67 173 1 1
112 124 1 1
54 146 1 1
176 160 1 1
87 182 1 1
39 163 1 1
74 135 1 1
121 175 1 1
138 168 1 1
69 80 1 1
200 150 1 1
118 164 1 1
82 157 1 1
97 184 1 1
61 159 1 1
79 151 1 1
53 159 1 1
69 120 1 1
67 153 1 1
131 169 1 1
110 169 1 1
94 112 1 1
153 161 1 1
161 178 1 1
100 126 1 1
94 105 1 1
114 104 1 1
95 101 1 1
89 68 1 1
86 66 1 1
85 66 1 1
108 148 1 1
77 62 1 1
106 190 1 1
87 68 1 1
88 157 1 1
126 167 1 1
60 175 1 1
94 172 1 1
92 103 1 1
101 145 1 1
152 165 1 1
69 139 1 1
114 169 1 1
100 173 1 1
109 131 1 1
68 108 1 1
119 152 1 1
100 158 1 1
153 173 1 1
104 101 1 1
93 161 1 1
72 78 1 1
107 164 1 1
133 164 1 1
120 183 1 1
105 176 1 1
96 136 1 1
155 171 1 1
90 70 1 1
98 145 1 1
73 136 1 1
116 137 1 1
156 144 1 1
88 160 1 1
103 129 1 1
79 93 1 1
68 110 1 1
186 146 1 1
99 152 1 1
149 147 1 1
78 166 1 1
161 147 1 1
118 147 1 1
123 181 1 1
66 146 1 1
61 144 1 1
121 185 1 1
104 173 1 1
70 96 1 1
161 152 1 1
123 154 1 1
122 156 1 1
79 142 1 1
143 165 1 1
92 98 1 1
98 172 1 1
136 156 1 1
150 177 1 1
71 70 1 1
189 141 1 1
105 102 1 1
151 156 1 1
106 116 1 1
134 145 1 1
148 160 1 1
78 73 1 1
90 93 1 1
98 105 1 1
86 67 1 1
71 96 1 1
67 153 1 1
67 112 1 1
52 153 1 1
127 172 1 1
171 157 1 1
115 103 1 1
87 129 1 1
100 105 1 1
102 123 1 1
147 157 1 1
70 84 1 1
155 171 1 1
105 138 1 1
93 177 1 1
179 155 1 1
127 148 1 1
80 69 1 1
98 140 1 1
171 157 1 1
112 150 1 1
112 129 1 1
178 165 1 1
92 104 1 1
101 109 1 1
77 99 1 1
84 168 1 1
62 129 1 1
165 167 1 1
74 116 1 1
198 157 1 1
73 166 1 1
97 178 1 1
79 127 1 1
188 160 1 1
139 168 1 1
106 114 1 1
110 142 1 1
188 153 1 1
137 175 1 1
83 66 1 1
41 156 1 1
124 166 1 1
86 168 1 1
101 151 1 1
88 129 1 1
136 168 1 1
91 190 1 1
131 170 1 1
120 172 1 1
69 131 1 1
90 180 1 1
76 182 1 1
100 174 1 1
67 161 1 1
122 163 1 1
66 156 1 1
74 65 1 1
78 105 1 1
54 158 1 1
114 118 1 1
129 160 1 1
146 163 1 1
155 165 1 1
119 183 1 1
89 183 1 1
109 155 1 1
88 126 1 1
150 149 1 1
93 123 1 1
74 89 1 1
120 185 1 1
98 168 1 1
138 147 1 1
143 160 1 1
102 161 1 1
97 136 1 1
104 186 1 1
171 159 1 1
104 181 1 1
136 156 1 1
69 179 1 1
83 66 1 1
191 161 1 1
76 163 1 1
146 154 1 1
129 159 1 1
172 152 1 1
165 146 1 1
135 160 1 1
75 65 1 1
64 158 1 1
180 166 1 1
102 162 1 1
50 165 1 1
140 173 1 1
39 168 1 1
80 86 1 1
78 88 1 1
127 162 1 1
78 69 1 1
67 109 1 1
48 156 1 1
40 148 1 1
79 142 1 1
59 147 1 1
153 158 1 1
147 147 1 1
85 81 1 1
120 151 1 1
110 188 1 1
114 107 1 1
96 146 1 1
103 172 1 1
154 181 1 1
113 113 1 1
131 158 1 1
72 165 1 1
126 173 1 1
96 177 1 1
81 61 1 1
155 177 1 1
40 160 1 1
125 155 1 1
89 118 1 1
87 167 1 1
139 177 1 1
115 144 1 1
131 167 1 1
147 169 1 1
108 150 1 1
77 81 1 1
134 160 1 1
160 158 1 1
134 174 1 1
88 87 1 1
129 169 1 1
120 176 1 1
101 140 1 1
100 155 1 1
167 162 1 1
182 157 1 1
99 117 1 1
170 148 1 1
119 181 1 1
112 169 1 1
197 151 1 1
139 162 1 1
84 98 1 1
65 139 1 1
170 149 1 1
53 156 1 1
64 159 1 1
190 140 1 1
73 135 1 1
131 161 1 1
82 177 1 1
122 186 1 1
83 182 1 1
83 161 1 1
69 163 1 1
91 117 1 1
111 130 1 1
127 168 1 1
196 140 1 1
115 150 1 1
115 177 1 1
92 111 1 1
154 144 1 1
74 171 1 1
45 148 1 1
113 126 1 1
108 158 1 1
114 186 1 1
91 57 1 1
95 87 1 1
110 117 1 1
109 151 1 1
82 108 1 1
97 190 1 1
72 159 1 1
128 175 1 1
107 132 1 1
75 75 1 1
127 153 1 1
170 173 1 1
74 156 1 1
104 182 1 1
75 126 1 1
97 130 1 1
188 147 1 1
101 134 1 1
75 109 1 1
105 182 1 1
150 180 1 1
169 155 1 1
77 121 1 1
133 180 1 1
75 167 1 1
77 75 1 1
72 117 1 1
78 155 1 1
70 176 1 1
94 184 1 1
104 171 1 1
126 179 1 1
72 84 1 1
131 156 1 1
144 156 1 1
185 160 1 1
78 142 1 1
96 120 1 1
122 166 1 1
110 127 1 1
99 190 1 1
131 153 1 1
75 64 1 1
166 175 1 1
166 162 1 1
65 172 1 1
81 130 1 1
78 110 1 1
118 169 1 1
86 166 1 1
173 154 1 1
126 143 1 1
109 129 1 1
131 183 1 1
104 141 1 1
96 158 1 1
75 143 1 1
95 183 1 1
144 188 1 1
107 142 1 1
73 172 1 1
111 124 1 1
94 188 1 1
123 176 1 1
158 166 1 1
161 151 1 1
136 149 1 1
94 124 1 1
103 166 1 1
133 180 1 1
195 135 1 1
85 153 1 1
68 170 1 1
119 161 1 1
140 143 1 1
132 184 1 1
91 65 1 1
101 130 1 1
166 154 1 1
114 160 1 1
121 152 1 1
141 159 1 1
81 181 1 1
73 101 1 1
85 158 1 1
106 185 1 1
112 154 1 1
43 172 1 1
110 140 1 1
68 151 1 1
56 165 1 1
92 111 1 1
63 165 1 1
104 170 1 1
120 154 1 1
99 120 1 1
126 172 1 1
171 158 1 1
90 164 1 1
79 158 1 1
41 164 1 1
59 167 1 1
84 102 1 1
70 174 1 1
56 156 1 1
80 81 1 1
159 151 1 1
107 180 1 1
42 151 1 1
100 162 1 1
125 158 1 1
74 97 1 1
84 111 1 1
143 187 1 1
168 171 1 1
103 104 1 1
88 130 1 1
91 179 1 1
115 125 1 1
80 149 1 1
110 184 1 1
89 133 1 1
142 173 1 1
133 149 1 1
178 160 1 1
78 171 1 1
53 167 1 1
91 74 1 1
103 145 1 1
118 161 1 1
50 171 1 1
103 182 1 1
80 85 1 1
49 172 1 1
169 149 1 1
73 62 1 1
146 170 1 1
53 162 1 1
93 121 1 1
73 63 1 1
134 161 1 1
92 188 1 1
192 162 1 1
100 142 1 1
133 175 1 1
137 158 1 1
99 152 1 1
165 172 1 1
101 125 1 1
83 174 1 1
97 120 1 1
189 150 1 1
77 78 1 1
145 168 1 1
116 152 1 1
113 117 1 1
137 156 1 1
96 119 1 1
96 189 1 1
77 80 1 1
42 150 1 1
185 144 1 1
92 97 1 1
91 90 1 1
151 148 1 1
75 108 1 1
119 187 1 1
153 158 1 1
86 119 1 1
113 175 1 1
144 154 1 1
141 179 1 1
61 158 1 1
198 144 1 1
72 163 1 1
74 95 1 1
146 160 1 1
171 160 1 1
84 80 1 1
83 90 1 1
78 101 1 1
91 185 1 1
68 132 1 1
150 143 1 1
64 139 1 1
114 123 1 1
128 179 1 1
111 135 1 1
108 182 1 1
83 121 1 1
127 156 1 1
181 148 1 1
149 178 1 1
108 155 1 1
97 165 1 1
122 159 1 1
67 101 1 1
84 171 1 1
81 174 1 1
103 113 1 1
142 150 1 1
71 89 1 1
68 92 1 1
102 140 1 1
120 155 1 1
90 135 1 1
171 164 1 1
135 187 1 1
108 182 1 1
71 136 1 1
47 159 1 1
104 159 1 1
96 107 1 1
67 102 1 1
69 148 1 1
72 135 1 1
53 157 1 1
188 146 1 1
159 157 1 1
158 146 1 1
68 161 1 1
59 170 1 1
49 167 1 1
90 105 1 1
91 152 1 1
126 173 1 1
168 153 1 1
79 89 1 1
150 154 1 1
58 160 1 1
124 173 1 1
132 157 1 1
54 167 1 1
151 144 1 1
75 155 1 1
78 172 1 1
142 157 1 1
87 100 1 1
88 120 1 1
87 130 1 1
138 153 1 1
115 126 1 1
87 172 1 1
127 160 1 1
108 101 1 1
69 133 1 1
147 182 1 1
166 161 1 1
68 149 1 1
97 132 1 1
93 174 1 1
159 147 1 1
120 188 1 1
85 107 1 1
148 157 1 1
82 62 1 1
132 187 1 1
74 183 1 1
155 146 1 1
92 168 1 1
149 149 1 1
87 101 1 1
92 186 1 1
142 182 1 1
59 153 1 1
74 159 1 1
112 167 1 1
61 152 1 1
104 129 1 1
83 164 1 1
90 139 1 1
111 140 1 1
89 101 1 1
79 162 1 1
111 181 1 1
159 144 1 1
148 158 1 1
108 155 1 1
110 134 1 1
90 115 1 1
144 157 1 1
53 172 1 1
95 91 1 1
82 71 1 1
180 166 1 1
82 84 1 1
116 155 1 1
109 119 1 1
82 121 1 1
67 175 1 1
95 106 1 1
91 188 1 1
190 156 1 1
68 133 1 1
148 167 1 1
168 144 1 1
69 80 1 1
119 181 1 1
60 155 1 1
178 154 1 1
70 123 1 1
113 133 1 1
148 163 1 1
67 117 1 1
96 185 1 1
75 168 1 1
147 189 1 1
104 118 1 1
108 173 1 1
75 153 1 1
73 180 1 1
98 98 1 1
120 155 1 1
70 168 1 1
62 133 1 1
84 149 1 1
113 116 1 1
111 176 1 1
130 152 1 1
97 102 1 1
161 177 1 1
148 162 1 1
77 91 1 1
85 165 1 1
45 161 1 1
71 173 1 1
93 176 1 1
61 130 1 1
85 76 1 1
172 158 1 1
141 189 1 1
106 115 1 1
78 153 1 1
85 164 1 1
180 150 1 1
153 171 1 1
88 99 1 1
91 130 1 1
186 158 1 1
148 169 1 1
92 138 1 1
91 125 1 1
90 131 1 1
42 153 1 1
40 150 1 1
190 158 1 1
87 101 1 1
131 150 1 1
195 145 1 1
141 145 1 1
133 186 1 1
68 131 1 1
188 166 1 1
112 142 1 1
112 127 1 1
184 153 1 1
146 143 1 1
104 143 1 1
134 166 1 1
98 123 1 1
188 151 1 1
100 175 1 1
57 155 1 1
187 150 1 1
115 135 1 1
124 179 1 1
159 162 1 1
60 157 1 1
113 176 1 1
98 117 1 1
117 147 1 1
122 176 1 1
83 128 1 1
89 62 1 1
111 190 1 1
81 71 1 1
49 151 1 1
97 170 1 1
70 137 1 1
167 175 1 1
62 136 1 1
73 75 1 1
157 150 1 1
95 110 1 1
102 157 1 1
98 126 1 1
104 105 1 1
67 116 1 1
82 169 1 1
125 146 1 1
192 163 1 1
127 188 1 1
132 189 1 1
68 134 1 1
183 167 1 1
104 173 1 1
79 119 1 1
85 75 1 1
73 170 1 1
89 94 1 1
106 133 1 1
120 150 1 1
129 184 1 1
118 172 1 1
96 137 1 1
99 128 1 1
141 186 1 1
149 166 1 1
110 155 1 1
177 146 1 1
44 166 1 1
72 70 1 1
49 164 1 1
86 69 1 1
139 155 1 1
196 150 1 1
63 177 1 1
58 149 1 1
72 156 1 1
78 87 1 1
74 64 1 1
80 169 1 1
121 174 1 1
82 160 1 1
104 180 1 1
103 128 1 1
46 155 1 1
99 138 1 1
99 133 1 1
136 186 1 1
179 153 1 1
53 148 1 1
166 156 1 1
133 175 1 1
81 160 1 1
68 88 1 1
199 148 1 1
42 162 1 1
85 148 1 1
106 187 1 1
143 177 1 1
69 92 1 1
174 145 1 1
99 171 1 1
110 128 1 1
87 144 1 1
112 142 1 1
199 154 1 1
55 155 1 1
70 67 1 1
98 186 1 1
151 145 1 1
68 86 1 1
59 161 1 1
138 165 1 1
101 114 1 1
107 152 1 1
126 150 1 1
183 149 1 1
94 178 1 1
151 148 1 1
151 163 1 1
66 155 1 1
100 100 1 1
64 132 1 1
97 188 1 1
113 188 1 1
96 124 1 1
113 169 1 1
105 145 1 1
58 163 1 1
140 144 1 1
73 79 1 1
145 160 1 1
83 70 1 1
102 154 1 1
117 146 1 1
103 150 1 1
66 106 1 1
83 105 1 1
165 152 1 1
52 169 1 1
85 81 1 1
89 171 1 1
68 108 1 1
91 125 1 1
57 164 1 1
115 179 1 1
131 156 1 1
120 163 1 1
86 131 1 1
184 149 1 1
132 157 1 1
107 118 1 1
160 151 1 1
146 147 1 1
124 172 1 1
182 152 1 1
79 107 1 1
132 151 1 1
74 73 1 1
106 121 1 1
162 170 1 1
80 170 1 1
48 160 1 1
129 153 1 1
197 145 1 1
88 161 1 1
130 168 1 1
97 142 1 1
117 148 1 1
73 164 1 1
118 167 1 1
194 163 1 1
43 169 1 1
188 153 1 1
91 71 1 1
45 161 1 1
118 188 1 1
173 147 1 1
67 119 1 1
88 83 1 1
106 116 1 1
68 142 1 1
137 153 1 1
66 141 1 1
123 172 1 1
73 152 1 1
183 145 1 1
77 74 1 1
92 179 1 1
70 145 1 1
86 188 1 1
105 170 1 1
95 182 1 1
67 135 1 1
145 172 1 1
105 164 1 1
135 164 1 1
75 126 1 1
169 159 1 1
82 142 1 1
139 163 1 1
71 141 1 1
131 185 1 1
51 172 1 1
108 126 1 1
82 104 1 1
162 152 1 1
153 157 1 1
98 152 1 1
132 162 1 1
94 95 1 1
73 115 1 1
158 165 1 1
116 160 1 1
136 176 1 1
70 102 1 1
140 187 1 1
74 113 1 1
97 108 1 1
135 172 1 1
55 157 1 1
82 144 1 1
60 168 1 1
141 180 1 1
68 112 1 1
62 128 1 1
63 171 1 1
81 168 1 1
152 164 1 1
106 150 1 1
72 175 1 1
134 179 1 1
171 143 1 1
110 134 1 1
199 148 1 1
89 176 1 1
172 172 1 1
75 73 1 1
95 87 1 1
201 152 1 1
63 174 1 1
104 109 1 1
75 101 1 1
91 104 1 1
159 153 1 1
148 180 1 1
94 184 1 1
160 154 1 1
90 77 1 1
