3600	300	240	
171	229	1	0
11	244	1	0
222	71	1	0
146	86	1	0
209	11	1	0
37	179	1	0
146	142	1	0
118	197	1	0
27	289	1	0
0	159	1	0
75	200	1	0
181	276	1	0
207	193	1	0
209	217	1	0
172	45	1	0
105	97	1	0
113	80	1	0
42	246	1	0
26	112	1	0
101	268	1	0
84	204	1	0
163	228	1	0
225	0	1	0
156	281	1	0
65	268	1	0
141	27	1	0
220	9	1	0
163	101	1	0
1	49	1	0
50	45	1	0
191	27	1	0
221	121	1	0
55	11	1	0
82	274	1	0
140	242	1	0
42	21	1	0
216	281	1	0
81	216	1	0
132	270	1	0
56	48	1	0
222	132	1	0
21	258	1	0
26	169	1	0
136	272	1	0
190	112	1	0
95	226	1	0
132	0	1	0
238	252	1	0
1	147	1	0
229	84	1	0
70	238	1	0
111	275	1	0
115	45	1	0
164	30	1	0
73	242	1	0
15	188	1	0
218	13	1	0
220	241	1	0
55	100	1	0
35	44	1	0
152	204	1	0
50	264	1	0
21	277	1	0
57	188	1	0
187	193	1	0
36	298	1	0
224	179	1	0
186	123	1	0
110	281	1	0
219	217	1	0
69	238	1	0
213	175	1	0
128	283	1	0
230	77	1	0
0	173	1	0
31	118	1	0
211	58	1	0
229	168	1	0
46	61	1	0
3	174	1	0
225	242	1	0
145	37	1	0
162	191	1	0
224	240	1	0
229	6	1	0
132	202	1	0
201	203	1	0
132	12	1	0
134	85	1	0
27	52	1	0
63	191	1	0
195	191	1	0
10	120	1	0
203	88	1	0
155	272	1	0
131	216	1	0
135	11	1	0
34	8	1	0
26	98	1	0
52	229	1	0
182	281	1	0
31	275	1	0
70	247	1	0
180	17	1	0
197	230	1	0
235	98	1	0
1	133	1	0
19	115	1	0
156	111	1	0
129	25	1	0
108	237	1	0
65	28	1	0
173	200	1	0
4	45	1	0
167	58	1	0
219	200	1	0
174	177	1	0
161	240	1	0
176	296	1	0
174	227	1	0
96	269	1	0
103	210	1	0
72	234	1	0
178	24	1	0
114	71	1	0
232	50	1	0
58	296	1	0
137	286	1	0
96	72	1	0
203	204	1	0
9	172	1	0
19	298	1	0
158	229	1	0
183	284	1	0
231	142	1	0
38	238	1	0
12	271	1	0
170	291	1	0
145	97	1	0
187	0	1	0
172	134	1	0
70	216	1	0
103	231	1	0
45	125	1	0
35	279	1	0
140	294	1	0
37	38	1	0
57	214	1	0
140	131	1	0
219	155	1	0
2	7	1	0
224	128	1	0
19	10	1	0
79	294	1	0
208	59	1	0
28	34	1	0
67	39	1	0
3	25	1	0
213	202	1	0
20	120	1	0
201	40	1	0
113	5	1	0
167	105	1	0
176	43	1	0
125	39	1	0
62	61	1	0
189	231	1	0
163	42	1	0
0	67	1	0
179	189	1	0
28	148	1	0
202	27	1	0
116	199	1	0
36	46	1	0
84	53	1	0
4	291	1	0
209	8	1	0
121	13	1	0
153	277	1	0
14	234	1	0
49	240	1	0
64	189	1	0
188	290	1	0
53	129	1	0
227	58	1	0
93	27	1	0
209	102	1	0
49	134	1	0
180	83	1	0
183	108	1	0
229	74	1	0
187	244	1	0
179	63	1	0
7	266	1	0
161	246	1	0
73	56	1	0
131	230	1	0
29	232	1	0
217	22	1	0
30	144	1	0
201	31	1	0
239	7	1	0
71	299	1	0
61	82	1	0
25	244	1	0
181	110	1	0
198	14	1	0
210	104	1	0
43	55	1	0
76	34	1	0
139	8	1	0
116	204	1	0
141	22	1	0
184	79	1	0
222	224	1	0
235	247	1	0
98	295	1	0
178	298	1	0
221	181	1	0
70	279	1	0
63	184	1	0
98	73	1	0
83	262	1	0
24	60	1	0
215	25	1	0
6	25	1	0
45	223	1	0
224	169	1	0
182	288	1	0
15	201	1	0
19	4	1	0
236	114	1	0
181	200	1	0
120	280	1	0
229	75	1	0
144	59	1	0
234	265	1	0
195	29	1	0
202	295	1	0
187	209	1	0
144	80	1	0
160	214	1	0
26	223	1	0
152	222	1	0
185	241	1	0
0	196	1	0
69	275	1	0
197	194	1	0
71	275	1	0
9	69	1	0
93	65	1	0
156	107	1	0
118	254	1	0
179	270	1	0
197	177	1	0
11	249	1	0
219	220	1	0
139	243	1	0
189	128	1	0
17	161	1	0
60	92	1	0
69	8	1	0
180	85	1	0
8	140	1	0
169	8	1	0
171	18	1	0
237	137	1	0
125	242	1	0
214	110	1	0
110	7	1	0
196	133	1	0
74	44	1	0
67	212	1	0
232	166	1	0
103	264	1	0
238	200	1	0
226	256	1	0
49	72	1	0
119	281	1	0
14	157	1	0
191	77	1	0
234	66	1	0
219	84	1	0
119	77	1	0
18	126	1	0
226	138	1	0
59	11	1	0
175	49	1	0
40	41	1	0
78	50	1	0
233	92	1	0
173	11	1	0
69	185	1	0
231	231	1	0
34	102	1	0
238	152	1	0
41	248	1	0
28	64	1	0
216	186	1	0
179	61	1	0
134	136	1	0
198	171	1	0
183	203	1	0
184	130	1	0
236	223	1	0
43	279	1	0
172	12	1	0
158	73	1	0
194	130	1	0
40	43	1	0
46	258	1	0
224	272	1	0
211	252	1	0
172	19	1	0
215	61	1	0
123	58	1	0
28	155	1	0
238	288	1	0
117	122	1	0
182	176	1	0
184	227	1	0
159	197	1	0
121	106	1	0
53	181	1	0
46	248	1	0
162	73	1	0
169	263	1	0
69	4	1	0
211	18	1	0
29	217	1	0
221	54	1	0
194	107	1	0
222	130	1	0
135	58	1	0
197	24	1	0
71	38	1	0
194	176	1	0
3	149	1	0
53	221	1	0
29	46	1	0
236	84	1	0
119	53	1	0
238	155	1	0
111	13	1	0
180	102	1	0
21	2	1	0
77	23	1	0
164	205	1	0
144	232	1	0
170	266	1	0
148	285	1	0
66	251	1	0
16	250	1	0
51	119	1	0
8	151	1	0
105	56	1	0
13	295	1	0
94	269	1	0
173	202	1	0
203	193	1	0
63	90	1	0
50	262	1	0
47	249	1	0
129	12	1	0
175	133	1	0
96	4	1	0
26	157	1	0
187	227	1	0
235	249	1	0
148	116	1	0
217	70	1	0
128	70	1	0
173	98	1	0
228	123	1	0
82	287	1	0
217	235	1	0
222	144	1	0
217	1	1	0
202	176	1	0
183	292	1	0
6	24	1	0
29	268	1	0
134	265	1	0
66	192	1	0
225	21	1	0
132	87	1	0
4	224	1	0
214	37	1	0
215	202	1	0
33	239	1	0
45	259	1	0
28	26	1	0
179	175	1	0
202	162	1	0
194	115	1	0
77	10	1	0
23	11	1	0
84	205	1	0
217	273	1	0
218	216	1	0
126	259	1	0
132	210	1	0
0	140	1	0
198	181	1	0
60	258	1	0
210	180	1	0
117	116	1	0
77	289	1	0
210	291	1	0
22	236	1	0
199	108	1	0
82	296	1	0
232	255	1	0
239	106	1	0
146	241	1	0
200	63	1	0
190	294	1	0
56	194	1	0
45	253	1	0
11	102	1	0
23	130	1	0
193	265	1	0
30	292	1	0
217	141	1	0
128	215	1	0
216	270	1	0
90	204	1	0
8	161	1	0
204	113	1	0
19	175	1	0
182	267	1	0
56	100	1	0
115	271	1	0
7	75	1	0
95	276	1	0
194	233	1	0
0	134	1	0
141	83	1	0
133	105	1	0
16	236	1	0
228	279	1	0
193	272	1	0
237	53	1	0
106	95	1	0
71	252	1	0
56	174	1	0
213	114	1	0
36	10	1	0
114	212	1	0
29	130	1	0
151	201	1	0
61	9	1	0
25	38	1	0
149	125	1	0
230	193	1	0
113	7	1	0
149	89	1	0
41	221	1	0
237	61	1	0
118	2	1	0
107	0	1	0
152	260	1	0
30	55	1	0
127	153	1	1
126	160	1	1
151	162	1	1
156	170	1	1
55	154	1	1
76	143	1	1
175	155	1	1
83	91	1	1
75	122	1	1
169	146	1	1
65	162	1	1
115	184	1	1
77	153	1	1
79	112	1	1
96	98	1	1
68	84	1	1
91	55	1	1
74	101	1	1
71	127	1	1
172	164	1	1
158	161	1	1
108	136	1	1
81	81	1	1
111	174	1	1
81	176	1	1
69	149	1	1
87	65	1	1
93	116	1	1
62	139	1	1
110	160	1	1
96	98	1	1
127	163	1	1
124	185	1	1
75	87	1	1
137	173	1	1
124	188	1	1
179	148	1	1
104	189	1	1
181	161	1	1
96	120	1	1
137	177	1	1
183	154	1	1
81	144	1	1
122	178	1	1
102	164	1	1
149	175	1	1
76	130	1	1
103	138	1	1
88	94	1	1
46	154	1	1
112	144	1	1
164	149	1	1
109	158	1	1
135	144	1	1
91	164	1	1
103	114	1	1
80	136	1	1
92	172	1	1
107	190	1	1
111	184	1	1
150	169	1	1
101	155	1	1
76	158	1	1
110	185	1	1
112	179	1	1
107	164	1	1
82	184	1	1
86	153	1	1
97	118	1	1
130	187	1	1
100	157	1	1
147	172	1	1
69	130	1	1
109	172	1	1
84	165	1	1
114	129	1	1
189	164	1	1
62	144	1	1
111	109	1	1
110	122	1	1
91	173	1	1
109	111	1	1
141	189	1	1
84	95	1	1
75	159	1	1
153	168	1	1
145	153	1	1
80	153	1	1
65	155	1	1
39	152	1	1
83	89	1	1
98	114	1	1
70	133	1	1
102	147	1	1
63	135	1	1
47	158	1	1
80	184	1	1
104	135	1	1
48	166	1	1
153	147	1	1
62	127	1	1
132	144	1	1
44	157	1	1
82	74	1	1
67	154	1	1
86	137	1	1
106	181	1	1
91	123	1	1
162	147	1	1
72	127	1	1
142	184	1	1
76	165	1	1
85	112	1	1
71	64	1	1
74	62	1	1
107	109	1	1
125	170	1	1
76	149	1	1
50	156	1	1
65	165	1	1
141	157	1	1
110	132	1	1
89	75	1	1
48	149	1	1
88	178	1	1
83	145	1	1
68	100	1	1
137	167	1	1
186	145	1	1
90	169	1	1
120	188	1	1
64	151	1	1
83	88	1	1
160	159	1	1
52	165	1	1
97	105	1	1
106	164	1	1
91	122	1	1
69	143	1	1
112	109	1	1
91	186	1	1
74	154	1	1
107	125	1	1
91	66	1	1
123	156	1	1
76	103	1	1
69	156	1	1
79	99	1	1
66	168	1	1
72	76	1	1
182	169	1	1
45	166	1	1
44	155	1	1
85	84	1	1
162	143	1	1
83	136	1	1
122	168	1	1
80	106	1	1
78	109	1	1
89	129	1	1
120	155	1	1
122	152	1	1
107	133	1	1
149	176	1	1
141	171	1	1
103	149	1	1
145	165	1	1
175	148	1	1
103	106	1	1
109	186	1	1
168	150	1	1
89	168	1	1
57	163	1	1
174	154	1	1
159	164	1	1
74	116	1	1
81	136	1	1
49	164	1	1
85	175	1	1
80	180	1	1
93	182	1	1
90	126	1	1
131	167	1	1
123	175	1	1
147	165	1	1
195	158	1	1
101	132	1	1
75	173	1	1
80	115	1	1
152	162	1	1
102	122	1	1
86	127	1	1
69	144	1	1
155	161	1	1
41	153	1	1
107	119	1	1
69	89	1	1
106	103	1	1
175	172	1	1
93	120	1	1
101	155	1	1
201	141	1	1
151	159	1	1
67	154	1	1
81	138	1	1
170	153	1	1
158	172	1	1
95	120	1	1
119	145	1	1
64	176	1	1
61	145	1	1
104	112	1	1
62	175	1	1
74	120	1	1
102	125	1	1
142	180	1	1
68	107	1	1
97	180	1	1
81	104	1	1
103	167	1	1
77	133	1	1
74	104	1	1
91	159	1	1
96	167	1	1
163	151	1	1
112	189	1	1
155	161	1	1
44	157	1	1
94	103	1	1
173	154	1	1
67	152	1	1
60	169	1	1
101	103	1	1
90	95	1	1
76	137	1	1
92	135	1	1
66	103	1	1
147	176	1	1
166	173	1	1
118	171	1	1
86	190	1	1
87	174	1	1
145	152	1	1
164	143	1	1
138	153	1	1
84	150	1	1
188	143	1	1
178	155	1	1
73	129	1	1
146	168	1	1
98	105	1	1
134	185	1	1
87	121	1	1
78	82	1	1
171	158	1	1
94	179	1	1
108	155	1	1
61	131	1	1
137	182	1	1
102	145	1	1
137	187	1	1
76	90	1	1
98	178	1	1
165	158	1	1
160	161	1	1
101	113	1	1
116	176	1	1
117	165	1	1
101	131	1	1
136	174	1	1
110	177	1	1
113	121	1	1
96	135	1	1
90	180	1	1
122	183	1	1
113	170	1	1
88	61	1	1
73	179	1	1
111	166	1	1
111	186	1	1
105	188	1	1
104	105	1	1
107	135	1	1
130	170	1	1
123	182	1	1
109	115	1	1
134	166	1	1
125	158	1	1
59	145	1	1
52	152	1	1
72	102	1	1
83	66	1	1
164	152	1	1
129	182	1	1
57	157	1	1
66	132	1	1
94	96	1	1
40	163	1	1
97	138	1	1
136	144	1	1
86	113	1	1
83	157	1	1
122	175	1	1
106	128	1	1
80	180	1	1
81	97	1	1
124	149	1	1
90	110	1	1
78	142	1	1
109	188	1	1
84	116	1	1
87	144	1	1
100	136	1	1
117	182	1	1
95	153	1	1
143	173	1	1
51	158	1	1
42	154	1	1
76	163	1	1
172	163	1	1
106	171	1	1
46	157	1	1
71	130	1	1
89	168	1	1
113	128	1	1
88	96	1	1
97	127	1	1
104	157	1	1
60	146	1	1
80	84	1	1
70	158	1	1
152	163	1	1
86	143	1	1
169	161	1	1
84	156	1	1
85	118	1	1
39	162	1	1
91	132	1	1
159	143	1	1
128	165	1	1
174	161	1	1
105	171	1	1
130	181	1	1
194	151	1	1
44	161	1	1
49	151	1	1
81	153	1	1
54	160	1	1
199	142	1	1
90	67	1	1
68	131	1	1
110	148	1	1
138	158	1	1
147	189	1	1
93	122	1	1
186	160	1	1
87	145	1	1
140	155	1	1
78	146	1	1
99	149	1	1
149	179	1	1
201	144	1	1
119	188	1	1
40	164	1	1
162	154	1	1
57	159	1	1
52	159	1	1
44	160	1	1
77	87	1	1
141	187	1	1
124	183	1	1
100	111	1	1
136	166	1	1
94	162	1	1
128	156	1	1
107	114	1	1
74	137	1	1
88	91	1	1
69	127	1	1
155	146	1	1
42	158	1	1
70	154	1	1
112	116	1	1
64	137	1	1
94	146	1	1
162	143	1	1
103	144	1	1
79	145	1	1
113	174	1	1
134	185	1	1
75	174	1	1
166	149	1	1
92	125	1	1
47	163	1	1
75	74	1	1
91	141	1	1
50	162	1	1
97	128	1	1
83	75	1	1
152	160	1	1
96	104	1	1
81	115	1	1
115	137	1	1
78	184	1	1
88	74	1	1
81	76	1	1
85	128	1	1
75	116	1	1
97	122	1	1
164	148	1	1
110	103	1	1
144	161	1	1
76	84	1	1
102	109	1	1
126	150	1	1
100	117	1	1
120	165	1	1
96	144	1	1
90	110	1	1
137	172	1	1
66	167	1	1
157	160	1	1
95	181	1	1
108	113	1	1
142	183	1	1
70	145	1	1
67	171	1	1
78	140	1	1
167	175	1	1
146	162	1	1
99	135	1	1
89	128	1	1
97	103	1	1
81	74	1	1
158	172	1	1
145	154	1	1
70	89	1	1
82	97	1	1
173	159	1	1
74	122	1	1
77	84	1	1
89	131	1	1
68	108	1	1
174	152	1	1
72	165	1	1
100	185	1	1
75	129	1	1
97	138	1	1
155	150	1	1
180	162	1	1
128	145	1	1
72	87	1	1
46	146	1	1
64	154	1	1
93	172	1	1
82	82	1	1
175	159	1	1
86	112	1	1
100	147	1	1
125	166	1	1
70	158	1	1
88	125	1	1
119	151	1	1
99	177	1	1
169	164	1	1
100	132	1	1
62	139	1	1
76	157	1	1
90	114	1	1
73	141	1	1
91	71	1	1
96	105	1	1
42	166	1	1
78	108	1	1
124	163	1	1
73	122	1	1
86	157	1	1
74	80	1	1
149	180	1	1
89	99	1	1
189	138	1	1
79	162	1	1
80	85	1	1
148	180	1	1
72	171	1	1
117	166	1	1
138	170	1	1
65	147	1	1
153	144	1	1
52	161	1	1
158	182	1	1
100	142	1	1
182	149	1	1
51	153	1	1
102	115	1	1
147	156	1	1
68	142	1	1
86	96	1	1
104	116	1	1
132	184	1	1
58	172	1	1
139	149	1	1
95	98	1	1
87	87	1	1
115	130	1	1
112	183	1	1
53	149	1	1
78	88	1	1
85	61	1	1
141	167	1	1
119	152	1	1
150	170	1	1
151	174	1	1
86	74	1	1
110	146	1	1
109	123	1	1
126	178	1	1
161	169	1	1
96	101	1	1
102	176	1	1
79	76	1	1
93	180	1	1
39	166	1	1
197	144	1	1
62	130	1	1
76	73	1	1
115	103	1	1
77	62	1	1
120	171	1	1
118	148	1	1
88	115	1	1
67	98	1	1
152	146	1	1
155	160	1	1
102	126	1	1
148	165	1	1
107	109	1	1
168	165	1	1
157	162	1	1
87	80	1	1
74	91	1	1
115	115	1	1
82	84	1	1
40	168	1	1
100	126	1	1
157	163	1	1
99	186	1	1
95	87	1	1
94	114	1	1
188	157	1	1
64	143	1	1
127	144	1	1
184	152	1	1
92	104	1	1
84	119	1	1
114	188	1	1
77	163	1	1
79	154	1	1
101	145	1	1
82	152	1	1
88	131	1	1
107	157	1	1
132	181	1	1
75	118	1	1
108	149	1	1
77	93	1	1
117	154	1	1
107	131	1	1
89	85	1	1
75	106	1	1
70	169	1	1
106	181	1	1
116	144	1	1
67	151	1	1
87	152	1	1
113	162	1	1
133	186	1	1
140	179	1	1
179	163	1	1
139	180	1	1
84	132	1	1
76	94	1	1
119	181	1	1
48	150	1	1
108	103	1	1
137	143	1	1
60	175	1	1
103	172	1	1
49	160	1	1
159	155	1	1
146	170	1	1
85	70	1	1
132	179	1	1
71	174	1	1
108	172	1	1
65	159	1	1
83	124	1	1
137	172	1	1
114	107	1	1
93	102	1	1
78	157	1	1
118	186	1	1
100	114	1	1
84	135	1	1
75	73	1	1
104	186	1	1
119	168	1	1
93	183	1	1
48	169	1	1
86	125	1	1
109	172	1	1
126	184	1	1
149	174	1	1
77	171	1	1
84	151	1	1
94	163	1	1
93	124	1	1
93	122	1	1
61	141	1	1
94	182	1	1
94	142	1	1
179	147	1	1
101	103	1	1
93	153	1	1
114	101	1	1
110	124	1	1
91	144	1	1
78	134	1	1
146	177	1	1
135	172	1	1
113	189	1	1
71	176	1	1
183	166	1	1
77	91	1	1
51	158	1	1
142	156	1	1
158	161	1	1
47	161	1	1
97	111	1	1
68	162	1	1
128	152	1	1
108	178	1	1
89	133	1	1
138	182	1	1
131	167	1	1
97	116	1	1
175	160	1	1
115	161	1	1
83	164	1	1
82	164	1	1
190	139	1	1
163	159	1	1
81	64	1	1
119	153	1	1
72	101	1	1
92	96	1	1
115	185	1	1
63	144	1	1
92	164	1	1
137	147	1	1
74	85	1	1
100	128	1	1
66	119	1	1
148	145	1	1
71	65	1	1
107	169	1	1
90	181	1	1
150	149	1	1
69	143	1	1
86	155	1	1
68	145	1	1
87	179	1	1
135	146	1	1
116	161	1	1
83	173	1	1
67	120	1	1
150	171	1	1
116	171	1	1
146	186	1	1
188	152	1	1
111	164	1	1
40	166	1	1
195	139	1	1
76	120	1	1
127	174	1	1
111	136	1	1
68	128	1	1
108	145	1	1
87	90	1	1
81	151	1	1
105	117	1	1
111	180	1	1
130	164	1	1
168	152	1	1
119	144	1	1
143	171	1	1
167	153	1	1
137	150	1	1
87	143	1	1
104	181	1	1
101	182	1	1
50	152	1	1
153	173	1	1
90	141	1	1
79	121	1	1
123	142	1	1
128	152	1	1
50	153	1	1
75	150	1	1
76	97	1	1
79	137	1	1
79	73	1	1
86	104	1	1
90	104	1	1
86	103	1	1
47	162	1	1
110	174	1	1
99	134	1	1
104	147	1	1
75	172	1	1
170	146	1	1
93	141	1	1
98	165	1	1
106	141	1	1
150	170	1	1
112	150	1	1
106	124	1	1
86	160	1	1
115	116	1	1
85	187	1	1
55	156	1	1
92	179	1	1
191	141	1	1
95	131	1	1
160	176	1	1
74	81	1	1
72	170	1	1
137	162	1	1
102	169	1	1
82	184	1	1
91	176	1	1
175	171	1	1
136	175	1	1
79	70	1	1
136	172	1	1
72	97	1	1
86	142	1	1
60	158	1	1
77	136	1	1
97	173	1	1
70	141	1	1
108	168	1	1
74	68	1	1
98	186	1	1
84	83	1	1
103	157	1	1
135	175	1	1
82	124	1	1
99	118	1	1
136	146	1	1
95	107	1	1
97	162	1	1
101	165	1	1
108	168	1	1
46	162	1	1
78	174	1	1
111	160	1	1
54	168	1	1
75	120	1	1
158	181	1	1
79	109	1	1
143	154	1	1
105	158	1	1
47	172	1	1
100	112	1	1
93	131	1	1
112	131	1	1
76	168	1	1
77	84	1	1
121	186	1	1
146	171	1	1
51	153	1	1
67	155	1	1
91	183	1	1
93	110	1	1
73	167	1	1
156	143	1	1
130	179	1	1
86	80	1	1
108	165	1	1
104	106	1	1
83	165	1	1
96	111	1	1
76	163	1	1
90	172	1	1
108	165	1	1
73	149	1	1
118	190	1	1
42	166	1	1
161	171	1	1
83	166	1	1
76	154	1	1
71	148	1	1
168	155	1	1
93	96	1	1
92	168	1	1
171	150	1	1
132	182	1	1
112	148	1	1
91	99	1	1
154	152	1	1
134	170	1	1
175	153	1	1
168	173	1	1
115	190	1	1
83	130	1	1
70	129	1	1
120	183	1	1
128	153	1	1
110	115	1	1
125	160	1	1
87	102	1	1
93	150	1	1
86	63	1	1
93	108	1	1
80	62	1	1
189	147	1	1
102	111	1	1
120	179	1	1
66	130	1	1
128	184	1	1
64	153	1	1
100	136	1	1
199	143	1	1
139	156	1	1
89	86	1	1
110	105	1	1
116	146	1	1
194	162	1	1
117	180	1	1
93	140	1	1
155	160	1	1
114	173	1	1
63	160	1	1
63	134	1	1
122	149	1	1
43	158	1	1
102	173	1	1
80	134	1	1
95	145	1	1
89	155	1	1
111	186	1	1
88	118	1	1
87	114	1	1
164	149	1	1
73	99	1	1
87	106	1	1
98	171	1	1
79	185	1	1
139	170	1	1
103	144	1	1
60	172	1	1
104	119	1	1
57	160	1	1
61	133	1	1
64	156	1	1
79	117	1	1
83	76	1	1
91	135	1	1
83	95	1	1
160	170	1	1
43	158	1	1
51	165	1	1
156	150	1	1
120	186	1	1
68	153	1	1
91	102	1	1
70	144	1	1
97	151	1	1
86	183	1	1
63	160	1	1
109	158	1	1
87	133	1	1
191	147	1	1
156	160	1	1
112	174	1	1
100	179	1	1
88	114	1	1
145	177	1	1
79	123	1	1
116	190	1	1
113	113	1	1
82	183	1	1
197	147	1	1
77	179	1	1
82	127	1	1
184	153	1	1
97	173	1	1
139	170	1	1
148	147	1	1
105	125	1	1
149	161	1	1
80	161	1	1
175	144	1	1
76	145	1	1
86	148	1	1
85	155	1	1
70	154	1	1
180	168	1	1
95	114	1	1
78	124	1	1
67	176	1	1
53	156	1	1
165	151	1	1
150	153	1	1
139	185	1	1
70	155	1	1
108	112	1	1
143	186	1	1
91	117	1	1
193	156	1	1
155	157	1	1
166	148	1	1
132	177	1	1
199	152	1	1
116	171	1	1
65	168	1	1
40	157	1	1
95	125	1	1
80	154	1	1
71	149	1	1
131	165	1	1
73	71	1	1
177	162	1	1
110	146	1	1
84	141	1	1
120	155	1	1
94	137	1	1
81	69	1	1
83	110	1	1
164	173	1	1
145	154	1	1
41	158	1	1
62	165	1	1
78	115	1	1
179	167	1	1
49	157	1	1
81	110	1	1
96	142	1	1
96	134	1	1
174	156	1	1
102	187	1	1
43	171	1	1
55	171	1	1
120	185	1	1
76	82	1	1
73	112	1	1
95	174	1	1
129	175	1	1
151	176	1	1
90	168	1	1
128	145	1	1
40	166	1	1
154	165	1	1
134	170	1	1
116	187	1	1
146	175	1	1
110	165	1	1
145	155	1	1
78	114	1	1
43	153	1	1
109	114	1	1
93	129	1	1
99	133	1	1
93	169	1	1
124	186	1	1
136	149	1	1
42	153	1	1
124	146	1	1
73	138	1	1
82	81	1	1
86	122	1	1
139	185	1	1
151	181	1	1
179	167	1	1
76	176	1	1
43	164	1	1
69	128	1	1
65	135	1	1
173	146	1	1
93	85	1	1
101	149	1	1
64	133	1	1
188	155	1	1
131	177	1	1
68	89	1	1
106	184	1	1
107	152	1	1
84	180	1	1
163	164	1	1
95	153	1	1
147	177	1	1
180	169	1	1
98	179	1	1
78	80	1	1
122	161	1	1
130	173	1	1
79	150	1	1
66	121	1	1
80	172	1	1
71	167	1	1
76	173	1	1
181	143	1	1
85	172	1	1
78	91	1	1
77	180	1	1
88	94	1	1
70	65	1	1
52	157	1	1
113	169	1	1
114	134	1	1
111	149	1	1
183	153	1	1
125	178	1	1
172	159	1	1
149	149	1	1
92	142	1	1
84	163	1	1
61	141	1	1
85	152	1	1
96	163	1	1
85	114	1	1
95	140	1	1
72	93	1	1
138	173	1	1
89	77	1	1
42	153	1	1
147	166	1	1
123	185	1	1
132	170	1	1
114	167	1	1
139	157	1	1
77	181	1	1
124	147	1	1
136	170	1	1
71	79	1	1
156	150	1	1
92	179	1	1
105	132	1	1
92	93	1	1
133	175	1	1
159	164	1	1
79	181	1	1
137	181	1	1
79	165	1	1
114	164	1	1
88	186	1	1
84	172	1	1
66	143	1	1
172	168	1	1
190	139	1	1
77	67	1	1
49	165	1	1
138	171	1	1
90	156	1	1
137	146	1	1
178	162	1	1
98	106	1	1
115	156	1	1
91	92	1	1
87	108	1	1
104	190	1	1
120	160	1	1
147	150	1	1
95	111	1	1
126	175	1	1
95	177	1	1
153	168	1	1
84	123	1	1
115	186	1	1
104	121	1	1
110	138	1	1
115	190	1	1
85	117	1	1
57	171	1	1
96	101	1	1
93	87	1	1
163	145	1	1
53	151	1	1
112	186	1	1
112	190	1	1
84	84	1	1
89	70	1	1
121	162	1	1
74	115	1	1
74	106	1	1
113	107	1	1
63	134	1	1
67	144	1	1
103	115	1	1
104	135	1	1
198	149	1	1
90	66	1	1
172	160	1	1
185	152	1	1
71	63	1	1
162	164	1	1
174	157	1	1
63	157	1	1
77	112	1	1
98	150	1	1
145	151	1	1
181	145	1	1
81	151	1	1
79	138	1	1
92	133	1	1
168	169	1	1
108	150	1	1
163	155	1	1
72	121	1	1
98	135	1	1
63	162	1	1
80	179	1	1
93	180	1	1
106	156	1	1
124	162	1	1
119	153	1	1
171	164	1	1
87	112	1	1
135	160	1	1
84	146	1	1
82	96	1	1
102	158	1	1
85	126	1	1
99	99	1	1
112	156	1	1
123	163	1	1
180	153	1	1
117	168	1	1
49	165	1	1
166	159	1	1
80	62	1	1
92	111	1	1
68	107	1	1
101	135	1	1
77	121	1	1
63	145	1	1
73	66	1	1
143	155	1	1
79	156	1	1
152	155	1	1
155	154	1	1
173	148	1	1
107	154	1	1
106	188	1	1
115	114	1	1
90	183	1	1
150	152	1	1
99	110	1	1
94	151	1	1
73	81	1	1
170	161	1	1
114	167	1	1
135	160	1	1
105	163	1	1
133	167	1	1
84	99	1	1
163	153	1	1
74	63	1	1
113	119	1	1
67	171	1	1
87	102	1	1
90	66	1	1
61	132	1	1
86	61	1	1
112	167	1	1
114	179	1	1
143	182	1	1
106	140	1	1
108	116	1	1
50	160	1	1
87	139	1	1
84	158	1	1
166	145	1	1
99	144	1	1
111	125	1	1
90	156	1	1
120	159	1	1
112	170	1	1
41	151	1	1
93	177	1	1
159	149	1	1
80	79	1	1
101	170	1	1
56	151	1	1
76	133	1	1
125	188	1	1
113	177	1	1
75	125	1	1
166	149	1	1
86	161	1	1
105	124	1	1
92	117	1	1
86	110	1	1
72	139	1	1
80	136	1	1
69	145	1	1
152	150	1	1
159	165	1	1
101	113	1	1
112	125	1	1
114	138	1	1
81	155	1	1
70	91	1	1
70	115	1	1
145	162	1	1
70	135	1	1
75	95	1	1
115	112	1	1
186	153	1	1
81	66	1	1
74	91	1	1
197	138	1	1
90	83	1	1
92	94	1	1
172	168	1	1
70	150	1	1
67	137	1	1
79	97	1	1
92	138	1	1
101	110	1	1
64	128	1	1
141	161	1	1
109	113	1	1
141	181	1	1
121	159	1	1
103	106	1	1
76	164	1	1
45	149	1	1
195	136	1	1
114	111	1	1
75	161	1	1
70	81	1	1
85	174	1	1
87	170	1	1
106	133	1	1
93	125	1	1
169	154	1	1
94	126	1	1
82	118	1	1
177	150	1	1
51	161	1	1
114	158	1	1
99	176	1	1
91	89	1	1
97	131	1	1
82	171	1	1
79	107	1	1
64	159	1	1
54	160	1	1
100	133	1	1
76	163	1	1
161	164	1	1
100	139	1	1
97	169	1	1
97	179	1	1
78	71	1	1
85	180	1	1
73	145	1	1
59	173	1	1
182	144	1	1
113	130	1	1
107	168	1	1
143	177	1	1
160	159	1	1
168	154	1	1
93	102	1	1
60	145	1	1
69	155	1	1
113	183	1	1
118	178	1	1
92	151	1	1
58	152	1	1
73	96	1	1
40	158	1	1
111	115	1	1
88	70	1	1
102	123	1	1
85	137	1	1
139	173	1	1
192	142	1	1
157	155	1	1
68	168	1	1
64	148	1	1
104	102	1	1
109	135	1	1
142	165	1	1
144	160	1	1
76	98	1	1
120	161	1	1
160	150	1	1
103	109	1	1
113	125	1	1
68	148	1	1
128	171	1	1
191	146	1	1
81	77	1	1
59	164	1	1
152	184	1	1
158	172	1	1
165	170	1	1
88	70	1	1
100	145	1	1
102	190	1	1
67	129	1	1
167	174	1	1
87	176	1	1
127	175	1	1
179	148	1	1
149	159	1	1
79	113	1	1
113	113	1	1
137	164	1	1
112	113	1	1
39	168	1	1
73	89	1	1
163	165	1	1
78	112	1	1
81	63	1	1
47	157	1	1
122	165	1	1
111	174	1	1
78	72	1	1
176	172	1	1
145	153	1	1
160	155	1	1
130	157	1	1
104	120	1	1
80	127	1	1
120	146	1	1
117	173	1	1
93	110	1	1
88	100	1	1
100	155	1	1
185	159	1	1
194	148	1	1
75	108	1	1
75	146	1	1
134	159	1	1
95	151	1	1
75	85	1	1
95	159	1	1
166	160	1	1
136	160	1	1
69	141	1	1
85	104	1	1
103	146	1	1
171	146	1	1
107	119	1	1
78	73	1	1
74	165	1	1
89	100	1	1
91	97	1	1
133	149	1	1
61	173	1	1
79	180	1	1
86	140	1	1
118	160	1	1
115	183	1	1
79	163	1	1
92	151	1	1
118	152	1	1
72	141	1	1
167	158	1	1
161	178	1	1
88	100	1	1
98	123	1	1
139	186	1	1
87	169	1	1
113	113	1	1
128	154	1	1
124	147	1	1
70	94	1	1
130	174	1	1
109	174	1	1
105	109	1	1
110	149	1	1
156	175	1	1
80	167	1	1
72	137	1	1
150	148	1	1
122	188	1	1
75	158	1	1
65	128	1	1
55	159	1	1
110	110	1	1
163	161	1	1
182	148	1	1
127	180	1	1
68	146	1	1
95	155	1	1
150	181	1	1
144	158	1	1
85	88	1	1
93	147	1	1
77	124	1	1
99	170	1	1
132	173	1	1
147	156	1	1
119	161	1	1
134	149	1	1
82	149	1	1
88	167	1	1
40	168	1	1
120	181	1	1
86	93	1	1
82	67	1	1
101	179	1	1
89	154	1	1
70	70	1	1
91	99	1	1
170	161	1	1
67	134	1	1
87	122	1	1
81	181	1	1
105	108	1	1
86	134	1	1
105	153	1	1
60	168	1	1
83	77	1	1
167	158	1	1
54	152	1	1
194	148	1	1
174	149	1	1
127	150	1	1
116	170	1	1
202	143	1	1
131	184	1	1
74	109	1	1
124	190	1	1
112	142	1	1
97	148	1	1
95	168	1	1
91	91	1	1
85	79	1	1
79	63	1	1
112	169	1	1
88	79	1	1
82	185	1	1
137	152	1	1
74	139	1	1
133	151	1	1
78	68	1	1
142	154	1	1
80	119	1	1
87	174	1	1
91	97	1	1
130	146	1	1
146	183	1	1
177	145	1	1
115	122	1	1
79	151	1	1
104	151	1	1
85	93	1	1
80	180	1	1
105	141	1	1
154	145	1	1
67	161	1	1
137	143	1	1
153	166	1	1
189	154	1	1
83	66	1	1
58	163	1	1
150	179	1	1
61	138	1	1
75	166	1	1
154	181	1	1
64	172	1	1
172	165	1	1
78	161	1	1
193	156	1	1
146	164	1	1
71	85	1	1
113	126	1	1
78	129	1	1
179	156	1	1
92	112	1	1
77	84	1	1
91	152	1	1
179	165	1	1
77	179	1	1
78	129	1	1
82	173	1	1
194	163	1	1
80	96	1	1
85	75	1	1
62	175	1	1
49	160	1	1
104	161	1	1
88	154	1	1
89	117	1	1
87	83	1	1
149	186	1	1
66	115	1	1
88	189	1	1
140	161	1	1
76	160	1	1
186	149	1	1
122	183	1	1
79	137	1	1
112	146	1	1
112	131	1	1
106	171	1	1
68	151	1	1
91	110	1	1
74	181	1	1
72	99	1	1
107	117	1	1
98	118	1	1
170	154	1	1
90	120	1	1
154	181	1	1
80	115	1	1
83	112	1	1
129	180	1	1
94	149	1	1
81	84	1	1
108	142	1	1
104	169	1	1
102	108	1	1
92	89	1	1
79	149	1	1
179	146	1	1
140	173	1	1
87	72	1	1
88	97	1	1
82	76	1	1
89	67	1	1
138	174	1	1
72	103	1	1
94	107	1	1
184	164	1	1
61	164	1	1
82	179	1	1
116	159	1	1
102	136	1	1
49	163	1	1
126	177	1	1
92	101	1	1
137	185	1	1
90	176	1	1
82	150	1	1
161	150	1	1
47	150	1	1
99	125	1	1
136	150	1	1
83	136	1	1
85	109	1	1
80	90	1	1
77	111	1	1
96	98	1	1
71	136	1	1
83	158	1	1
79	144	1	1
151	145	1	1
51	159	1	1
79	118	1	1
90	133	1	1
197	149	1	1
133	157	1	1
152	163	1	1
83	146	1	1
202	142	1	1
92	169	1	1
77	104	1	1
85	72	1	1
85	105	1	1
137	178	1	1
168	154	1	1
94	91	1	1
56	153	1	1
95	166	1	1
157	146	1	1
55	164	1	1
184	155	1	1
77	122	1	1
91	188	1	1
74	80	1	1
83	122	1	1
74	134	1	1
120	154	1	1
95	119	1	1
67	131	1	1
126	170	1	1
73	103	1	1
93	128	1	1
93	99	1	1
81	127	1	1
71	123	1	1
139	175	1	1
70	161	1	1
186	161	1	1
189	164	1	1
83	176	1	1
108	130	1	1
195	142	1	1
83	186	1	1
83	160	1	1
96	108	1	1
92	141	1	1
51	169	1	1
88	166	1	1
98	167	1	1
90	152	1	1
145	182	1	1
99	160	1	1
158	173	1	1
142	156	1	1
92	164	1	1
134	149	1	1
97	116	1	1
85	176	1	1
185	152	1	1
120	189	1	1
158	171	1	1
100	179	1	1
80	146	1	1
114	172	1	1
82	83	1	1
93	105	1	1
65	128	1	1
70	158	1	1
179	151	1	1
73	96	1	1
83	68	1	1
141	186	1	1
83	68	1	1
93	85	1	1
134	172	1	1
92	175	1	1
137	172	1	1
187	155	1	1
84	65	1	1
148	155	1	1
72	82	1	1
47	163	1	1
134	172	1	1
91	132	1	1
105	185	1	1
68	175	1	1
90	82	1	1
78	97	1	1
99	181	1	1
96	120	1	1
72	139	1	1
114	163	1	1
118	188	1	1
197	152	1	1
104	169	1	1
154	175	1	1
127	182	1	1
179	168	1	1
117	159	1	1
142	178	1	1
95	157	1	1
101	154	1	1
95	152	1	1
167	157	1	1
145	181	1	1
64	136	1	1
101	180	1	1
94	169	1	1
78	121	1	1
70	62	1	1
93	144	1	1
128	148	1	1
181	146	1	1
142	174	1	1
140	162	1	1
47	162	1	1
149	175	1	1
77	171	1	1
121	154	1	1
86	62	1	1
74	165	1	1
89	99	1	1
154	158	1	1
69	132	1	1
50	153	1	1
129	167	1	1
161	154	1	1
74	127	1	1
142	182	1	1
89	147	1	1
89	111	1	1
81	121	1	1
71	113	1	1
129	163	1	1
161	171	1	1
96	162	1	1
42	156	1	1
175	172	1	1
94	109	1	1
161	147	1	1
83	147	1	1
190	162	1	1
90	71	1	1
128	162	1	1
163	153	1	1
116	170	1	1
69	150	1	1
145	173	1	1
118	142	1	1
153	153	1	1
106	132	1	1
89	134	1	1
114	171	1	1
68	101	1	1
68	122	1	1
115	160	1	1
92	135	1	1
112	102	1	1
107	122	1	1
180	159	1	1
90	93	1	1
95	116	1	1
172	150	1	1
188	155	1	1
97	165	1	1
118	168	1	1
96	117	1	1
111	177	1	1
81	80	1	1
115	168	1	1
127	171	1	1
147	180	1	1
74	134	1	1
89	93	1	1
87	85	1	1
75	145	1	1
79	144	1	1
62	156	1	1
154	143	1	1
66	147	1	1
67	133	1	1
89	93	1	1
165	153	1	1
78	65	1	1
196	151	1	1
83	155	1	1
91	150	1	1
103	181	1	1
180	154	1	1
90	102	1	1
125	176	1	1
82	85	1	1
73	63	1	1
153	164	1	1
190	144	1	1
60	170	1	1
39	154	1	1
88	153	1	1
79	94	1	1
112	117	1	1
164	173	1	1
115	176	1	1
198	144	1	1
111	108	1	1
74	159	1	1
42	149	1	1
125	154	1	1
110	172	1	1
79	147	1	1
77	91	1	1
110	103	1	1
99	187	1	1
71	74	1	1
73	107	1	1
60	162	1	1
139	171	1	1
150	169	1	1
117	158	1	1
77	161	1	1
79	81	1	1
84	117	1	1
101	114	1	1
152	174	1	1
137	166	1	1
107	145	1	1
138	154	1	1
79	127	1	1
96	119	1	1
103	116	1	1
101	142	1	1
122	153	1	1
148	159	1	1
116	163	1	1
63	155	1	1
125	161	1	1
89	177	1	1
138	144	1	1
103	152	1	1
101	111	1	1
115	129	1	1
50	171	1	1
140	167	1	1
75	157	1	1
168	158	1	1
93	148	1	1
103	163	1	1
168	152	1	1
119	179	1	1
73	69	1	1
65	144	1	1
148	163	1	1
64	178	1	1
100	189	1	1
87	129	1	1
82	89	1	1
146	171	1	1
80	152	1	1
66	173	1	1
94	137	1	1
157	161	1	1
136	145	1	1
99	188	1	1
68	175	1	1
135	181	1	1
74	128	1	1
92	159	1	1
84	125	1	1
83	105	1	1
77	87	1	1
139	179	1	1
90	75	1	1
110	113	1	1
80	98	1	1
77	78	1	1
102	137	1	1
121	154	1	1
139	146	1	1
73	86	1	1
85	141	1	1
100	179	1	1
102	114	1	1
81	136	1	1
157	160	1	1
77	173	1	1
116	182	1	1
93	134	1	1
142	146	1	1
86	147	1	1
107	157	1	1
82	64	1	1
140	185	1	1
70	177	1	1
167	154	1	1
43	169	1	1
104	165	1	1
118	158	1	1
89	158	1	1
96	184	1	1
194	162	1	1
53	161	1	1
70	169	1	1
76	95	1	1
115	109	1	1
91	123	1	1
101	131	1	1
65	179	1	1
154	161	1	1
92	121	1	1
41	151	1	1
151	147	1	1
164	158	1	1
95	182	1	1
83	97	1	1
198	155	1	1
80	160	1	1
94	139	1	1
92	159	1	1
74	148	1	1
136	165	1	1
73	167	1	1
83	182	1	1
125	152	1	1
78	65	1	1
73	123	1	1
46	171	1	1
170	175	1	1
173	161	1	1
64	129	1	1
163	148	1	1
98	110	1	1
83	90	1	1
63	159	1	1
108	137	1	1
71	73	1	1
183	143	1	1
79	85	1	1
83	145	1	1
45	148	1	1
144	155	1	1
75	143	1	1
169	161	1	1
90	155	1	1
115	120	1	1
89	74	1	1
172	166	1	1
139	171	1	1
69	81	1	1
40	168	1	1
74	139	1	1
88	113	1	1
160	145	1	1
75	92	1	1
121	186	1	1
111	154	1	1
84	156	1	1
148	165	1	1
179	166	1	1
176	151	1	1
104	154	1	1
197	149	1	1
93	111	1	1
141	152	1	1
92	169	1	1
55	158	1	1
119	183	1	1
39	151	1	1
143	154	1	1
135	164	1	1
69	87	1	1
146	158	1	1
106	140	1	1
94	129	1	1
90	143	1	1
94	145	1	1
77	73	1	1
78	173	1	1
200	153	1	1
78	77	1	1
163	170	1	1
142	182	1	1
49	156	1	1
157	154	1	1
188	151	1	1
163	157	1	1
74	157	1	1
114	178	1	1
75	94	1	1
86	110	1	1
112	136	1	1
91	188	1	1
114	135	1	1
72	179	1	1
78	161	1	1
113	160	1	1
48	156	1	1
53	166	1	1
85	175	1	1
97	174	1	1
168	164	1	1
62	136	1	1
158	152	1	1
158	154	1	1
86	152	1	1
142	156	1	1
67	130	1	1
79	100	1	1
193	151	1	1
68	134	1	1
112	162	1	1
82	85	1	1
98	149	1	1
66	114	1	1
102	131	1	1
98	107	1	1
84	122	1	1
155	167	1	1
118	159	1	1
120	181	1	1
96	114	1	1
101	177	1	1
75	117	1	1
101	150	1	1
126	147	1	1
87	186	1	1
94	137	1	1
86	182	1	1
84	136	1	1
86	182	1	1
110	161	1	1
82	160	1	1
107	115	1	1
121	164	1	1
91	150	1	1
107	111	1	1
73	172	1	1
100	106	1	1
87	111	1	1
82	87	1	1
92	91	1	1
113	131	1	1
68	158	1	1
101	150	1	1
138	169	1	1
81	126	1	1
138	150	1	1
111	161	1	1
121	177	1	1
108	156	1	1
93	155	1	1
59	162	1	1
149	186	1	1
77	125	1	1
54	150	1	1
173	152	1	1
69	141	1	1
100	115	1	1
107	169	1	1
85	145	1	1
109	164	1	1
79	81	1	1
39	151	1	1
181	166	1	1
83	136	1	1
151	151	1	1
88	88	1	1
113	152	1	1
74	178	1	1
94	90	1	1
86	136	1	1
47	163	1	1
90	119	1	1
91	110	1	1
135	179	1	1
92	83	1	1
87	158	1	1
141	164	1	1
152	157	1	1
75	149	1	1
96	133	1	1
126	147	1	1
66	182	1	1
68	159	1	1
96	110	1	1
189	144	1	1
71	82	1	1
39	147	1	1
94	179	1	1
60	174	1	1
75	106	1	1
76	174	1	1
73	140	1	1
70	150	1	1
89	161	1	1
78	148	1	1
81	75	1	1
71	131	1	1
165	174	1	1
164	173	1	1
180	157	1	1
95	142	1	1
80	165	1	1
70	113	1	1
121	187	1	1
168	153	1	1
75	102	1	1
166	156	1	1
111	169	1	1
181	143	1	1
63	131	1	1
130	177	1	1
192	163	1	1
72	127	1	1
110	127	1	1
99	134	1	1
89	164	1	1
85	95	1	1
151	160	1	1
137	183	1	1
80	143	1	1
72	128	1	1
72	147	1	1
172	157	1	1
42	164	1	1
112	109	1	1
86	121	1	1
80	83	1	1
77	74	1	1
73	73	1	1
65	134	1	1
43	160	1	1
85	72	1	1
100	190	1	1
75	139	1	1
83	156	1	1
84	123	1	1
184	160	1	1
96	128	1	1
157	161	1	1
150	178	1	1
124	145	1	1
88	153	1	1
39	146	1	1
101	133	1	1
93	116	1	1
66	157	1	1
56	167	1	1
107	157	1	1
70	104	1	1
83	141	1	1
149	167	1	1
138	153	1	1
80	142	1	1
97	150	1	1
66	134	1	1
70	141	1	1
136	149	1	1
75	155	1	1
116	162	1	1
196	145	1	1
84	89	1	1
127	173	1	1
104	190	1	1
102	145	1	1
89	161	1	1
89	144	1	1
104	167	1	1
91	164	1	1
68	111	1	1
108	130	1	1
134	145	1	1
125	164	1	1
181	167	1	1
107	189	1	1
139	173	1	1
169	161	1	1
141	148	1	1
73	152	1	1
110	184	1	1
113	149	1	1
148	160	1	1
142	164	1	1
88	179	1	1
57	145	1	1
93	96	1	1
81	128	1	1
173	154	1	1
144	174	1	1
94	143	1	1
137	153	1	1
124	170	1	1
79	147	1	1
162	172	1	1
139	178	1	1
77	163	1	1
76	98	1	1
44	159	1	1
185	151	1	1
110	124	1	1
149	152	1	1
113	182	1	1
87	170	1	1
105	179	1	1
129	177	1	1
76	159	1	1
107	160	1	1
169	149	1	1
127	164	1	1
117	182	1	1
70	158	1	1
138	164	1	1
90	72	1	1
75	136	1	1
88	181	1	1
84	167	1	1
101	176	1	1
104	153	1	1
90	97	1	1
82	175	1	1
115	183	1	1
133	166	1	1
112	142	1	1
97	100	1	1
184	146	1	1
149	184	1	1
120	161	1	1
95	141	1	1
74	93	1	1
146	174	1	1
93	97	1	1
106	104	1	1
107	168	1	1
170	173	1	1
58	169	1	1
108	150	1	1
75	125	1	1
69	152	1	1
160	162	1	1
76	70	1	1
138	165	1	1
157	146	1	1
164	157	1	1
133	149	1	1
109	150	1	1
51	156	1	1
88	95	1	1
168	143	1	1
145	184	1	1
104	125	1	1
119	182	1	1
48	148	1	1
138	183	1	1
186	155	1	1
118	186	1	1
117	149	1	1
112	152	1	1
75	158	1	1
121	185	1	1
73	163	1	1
113	116	1	1
83	131	1	1
178	159	1	1
198	153	1	1
124	146	1	1
44	164	1	1
98	182	1	1
76	181	1	1
72	131	1	1
83	72	1	1
97	137	1	1
138	156	1	1
130	169	1	1
166	145	1	1
61	136	1	1
148	178	1	1
82	138	1	1
141	155	1	1
77	129	1	1
71	134	1	1
190	152	1	1
83	169	1	1
66	179	1	1
107	132	1	1
113	107	1	1
75	181	1	1
196	152	1	1
88	124	1	1
109	123	1	1
53	151	1	1
97	182	1	1
184	156	1	1
67	160	1	1
104	177	1	1
85	157	1	1
68	114	1	1
82	184	1	1
179	165	1	1
102	151	1	1
77	146	1	1
115	111	1	1
72	153	1	1
53	158	1	1
84	179	1	1
112	152	1	1
67	115	1	1
125	159	1	1
120	158	1	1
61	155	1	1
95	91	1	1
127	173	1	1
158	172	1	1
101	131	1	1
75	157	1	1
92	183	1	1
70	170	1	1
98	185	1	1
137	158	1	1
80	177	1	1
40	152	1	1
40	165	1	1
165	147	1	1
123	168	1	1
91	77	1	1
50	156	1	1
69	132	1	1
94	179	1	1
83	89	1	1
122	155	1	1
82	145	1	1
165	156	1	1
186	160	1	1
102	160	1	1
101	183	1	1
105	158	1	1
112	183	1	1
90	172	1	1
169	176	1	1
92	174	1	1
100	180	1	1
138	164	1	1
113	112	1	1
139	156	1	1
107	136	1	1
75	136	1	1
188	162	1	1
128	185	1	1
77	154	1	1
183	143	1	1
106	110	1	1
91	60	1	1
147	144	1	1
85	109	1	1
95	189	1	1
122	150	1	1
107	118	1	1
83	88	1	1
78	156	1	1
138	145	1	1
98	106	1	1
97	134	1	1
86	179	1	1
166	164	1	1
79	142	1	1
178	149	1	1
192	153	1	1
157	175	1	1
46	161	1	1
74	143	1	1
156	159	1	1
126	143	1	1
109	131	1	1
90	95	1	1
66	155	1	1
90	160	1	1
51	159	1	1
61	154	1	1
90	116	1	1
93	127	1	1
78	75	1	1
72	160	1	1
85	63	1	1
156	166	1	1
86	69	1	1
127	185	1	1
172	161	1	1
61	161	1	1
83	114	1	1
92	183	1	1
84	120	1	1
157	180	1	1
140	156	1	1
132	152	1	1
74	123	1	1
184	169	1	1
74	74	1	1
91	153	1	1
91	181	1	1
83	122	1	1
91	139	1	1
47	165	1	1
52	171	1	1
82	142	1	1
167	150	1	1
48	148	1	1
71	172	1	1
117	189	1	1
107	164	1	1
58	161	1	1
95	177	1	1
68	129	1	1
171	150	1	1
75	181	1	1
77	101	1	1
97	105	1	1
159	159	1	1
40	165	1	1
73	177	1	1
181	157	1	1
71	159	1	1
124	149	1	1
72	98	1	1
115	159	1	1
77	152	1	1
178	160	1	1
120	176	1	1
90	101	1	1
85	135	1	1
69	163	1	1
200	155	1	1
67	161	1	1
152	153	1	1
64	128	1	1
159	144	1	1
94	94	1	1
146	177	1	1
100	184	1	1
113	165	1	1
74	131	1	1
52	157	1	1
105	144	1	1
70	84	1	1
96	167	1	1
180	151	1	1
103	188	1	1
91	123	1	1
111	140	1	1
43	150	1	1
141	180	1	1
112	136	1	1
151	177	1	1
89	147	1	1
95	151	1	1
129	166	1	1
96	113	1	1
82	89	1	1
116	184	1	1
67	139	1	1
116	138	1	1
114	112	1	1
68	96	1	1
77	62	1	1
114	109	1	1
91	93	1	1
127	144	1	1
82	161	1	1
140	150	1	1
105	155	1	1
56	164	1	1
67	110	1	1
98	188	1	1
126	173	1	1
143	189	1	1
174	151	1	1
107	154	1	1
100	189	1	1
132	149	1	1
157	175	1	1
54	153	1	1
84	136	1	1
110	127	1	1
103	169	1	1
83	75	1	1
79	104	1	1
106	110	1	1
102	125	1	1
158	147	1	1
131	172	1	1
67	131	1	1
128	156	1	1
171	163	1	1
72	109	1	1
191	149	1	1
72	159	1	1
98	114	1	1
72	152	1	1
157	163	1	1
103	137	1	1
160	168	1	1
74	154	1	1
190	152	1	1
72	82	1	1
184	150	1	1
174	146	1	1
176	172	1	1
184	149	1	1
88	100	1	1
43	153	1	1
132	165	1	1
148	181	1	1
78	169	1	1
152	149	1	1
85	105	1	1
93	146	1	1
101	138	1	1
73	135	1	1
152	183	1	1
152	183	1	1
68	92	1	1
125	150	1	1
70	163	1	1
87	149	1	1
127	163	1	1
107	148	1	1
70	132	1	1
125	151	1	1
68	108	1	1
91	169	1	1
61	131	1	1
111	188	1	1
98	183	1	1
84	109	1	1
121	146	1	1
68	114	1	1
148	154	1	1
113	152	1	1
148	149	1	1
101	139	1	1
102	143	1	1
140	170	1	1
112	170	1	1
191	144	1	1
91	160	1	1
112	168	1	1
184	146	1	1
126	170	1	1
52	172	1	1
111	113	1	1
128	184	1	1
99	190	1	1
67	171	1	1
92	116	1	1
50	155	1	1
58	149	1	1
68	162	1	1
177	149	1	1
73	151	1	1
86	78	1	1
171	168	1	1
155	180	1	1
91	157	1	1
44	151	1	1
107	146	1	1
97	141	1	1
106	175	1	1
95	172	1	1
104	111	1	1
69	128	1	1
76	100	1	1
195	161	1	1
70	124	1	1
107	129	1	1
60	154	1	1
88	74	1	1
123	150	1	1
184	153	1	1
150	161	1	1
108	138	1	1
184	169	1	1
177	148	1	1
40	0	1	1
42	165	1	1
120	175	1	1
106	148	1	1
84	187	1	1
145	183	1	1
141	167	1	1
83	157	1	1
84	83	1	1
75	165	1	1
97	116	1	1
70	138	1	1
95	172	1	1
146	184	1	1
145	171	1	1
86	163	1	1
55	161	1	1
132	168	1	1
79	104	1	1
61	142	1	1
130	157	1	1
66	161	1	1
80	70	1	1
78	93	1	1
86	78	1	1
169	154	1	1
61	132	1	1
137	163	1	1
107	121	1	1
102	150	1	1
165	152	1	1
146	188	1	1
103	106	1	1
70	95	1	1
132	150	1	1
108	129	1	1
142	154	1	1
74	73	1	1
170	157	1	1
106	120	1	1
146	144	1	1
114	114	1	1
75	174	1	1
180	168	1	1
112	121	1	1
109	123	1	1
74	98	1	1
132	159	1	1
104	177	1	1
192	147	1	1
88	87	1	1
86	109	1	1
101	177	1	1
44	169	1	1
73	109	1	1
74	92	1	1
73	136	1	1
111	108	1	1
112	165	1	1
78	99	1	1
83	115	1	1
74	142	1	1
162	158	1	1
167	161	1	1
154	178	1	1
80	75	1	1
46	146	1	1
67	169	1	1
46	159	1	1
77	169	1	1
109	119	1	1
82	147	1	1
104	171	1	1
40	160	1	1
110	104	1	1
104	119	1	1
167	159	1	1
77	166	1	1
40	155	1	1
107	132	1	1
101	172	1	1
162	145	1	1
93	95	1	1
92	146	1	1
93	111	1	1
149	156	1	1
132	174	1	1
195	145	1	1
121	167	1	1
104	148	1	1
161	153	1	1
132	180	1	1
55	171	1	1
44	170	1	1
87	124	1	1
107	181	1	1
84	79	1	1
76	164	1	1
64	145	1	1
95	105	1	1
114	170	1	1
107	172	1	1
87	105	1	1
135	149	1	1
72	173	1	1
60	145	1	1
72	95	1	1
47	158	1	1
182	165	1	1
70	83	1	1
95	93	1	1
201	152	1	1
185	168	1	1
108	182	1	1
163	169	1	1
149	183	1	1
40	169	1	1
89	120	1	1
67	136	1	1
71	76	1	1
97	104	1	1
89	179	1	1
135	181	1	1
83	163	1	1
138	143	1	1
69	92	1	1
96	125	1	1
83	81	1	1
88	67	1	1
147	182	1	1
70	150	1	1
64	157	1	1
67	129	1	1
121	167	1	1
165	175	1	1
174	151	1	1
130	158	1	1
117	154	1	1
62	162	1	1
114	177	1	1
116	163	1	1
72	180	1	1
106	146	1	1
63	163	1	1
82	135	1	1
179	171	1	1
65	142	1	1
166	157	1	1
82	71	1	1
89	186	1	1
164	147	1	1
110	166	1	1
42	157	1	1
77	142	1	1
73	112	1	1
62	166	1	1
90	169	1	1
84	71	1	1
82	144	1	1
136	168	1	1
168	167	1	1
195	149	1	1
106	143	1	1
87	88	1	1
195	151	1	1
179	168	1	1
67	109	1	1
107	153	1	1
152	172	1	1
100	168	1	1
78	175	1	1
95	187	1	1
198	147	1	1
95	162	1	1
139	189	1	1
76	82	1	1
88	181	1	1
98	185	1	1
74	142	1	1
89	168	1	1
67	159	1	1
65	148	1	1
120	157	1	1
72	62	1	1
144	161	1	1
160	162	1	1
66	166	1	1
68	117	1	1
69	87	1	1
134	145	1	1
77	106	1	1
62	166	1	1
101	100	1	1
177	167	1	1
134	185	1	1
72	96	1	1
72	154	1	1
63	155	1	1
90	150	1	1
178	152	1	1
152	184	1	1
113	130	1	1
68	170	1	1
164	165	1	1
135	152	1	1
160	176	1	1
88	167	1	1
110	138	1	1
81	128	1	1
135	182	1	1
97	176	1	1
81	179	1	1
97	136	1	1
86	131	1	1
73	61	1	1
67	181	1	1
134	170	1	1
76	113	1	1
111	169	1	1
113	124	1	1
97	164	1	1
99	163	1	1
169	148	1	1
99	107	1	1
87	178	1	1
111	127	1	1
132	167	1	1
68	98	1	1
175	152	1	1
68	157	1	1
67	168	1	1
173	151	1	1
62	147	1	1
66	144	1	1
72	121	1	1
85	63	1	1
145	173	1	1
74	63	1	1
137	157	1	1
93	178	1	1
76	170	1	1
125	153	1	1
113	149	1	1
93	143	1	1
81	111	1	1
64	146	1	1
199	151	1	1
129	169	1	1
69	171	1	1
89	171	1	1
57	167	1	1
169	171	1	1
78	162	1	1
160	163	1	1
121	157	1	1
72	100	1	1
88	76	1	1
90	109	1	1
72	158	1	1
72	149	1	1
81	118	1	1
97	162	1	1
77	83	1	1
100	110	1	1
84	171	1	1
175	152	1	1
82	92	1	1
84	116	1	1
178	149	1	1
140	174	1	1
95	139	1	1
50	161	1	1
90	182	1	1
91	189	1	1
78	180	1	1
143	173	1	1
69	130	1	1
200	150	1	1
56	167	1	1
131	186	1	1
110	150	1	1
97	152	1	1
110	110	1	1
114	125	1	1
113	179	1	1
89	71	1	1
69	143	1	1
73	170	1	1
79	85	1	1
79	81	1	1
87	186	1	1
68	85	1	1
139	151	1	1
67	145	1	1
75	183	1	1
68	106	1	1
92	186	1	1
44	148	1	1
46	153	1	1
93	152	1	1
116	144	1	1
114	189	1	1
102	132	1	1
65	151	1	1
100	163	1	1
142	185	1	1
112	150	1	1
197	146	1	1
73	70	1	1
78	116	1	1
199	152	1	1
162	177	1	1
82	69	1	1
63	154	1	1
72	123	1	1
104	137	1	1
68	90	1	1
89	175	1	1
87	70	1	1
72	88	1	1
113	182	1	1
131	154	1	1
95	129	1	1
75	153	1	1
83	99	1	1
74	62	1	1
85	136	1	1
41	166	1	1
170	145	1	1
84	87	1	1
115	180	1	1
81	65	1	1
75	144	1	1
135	143	1	1
70	158	1	1
81	136	1	1
78	157	1	1
137	176	1	1
154	152	1	1
89	182	1	1
72	140	1	1
137	158	1	1
77	113	1	1
119	180	1	1
135	166	1	1
101	186	1	1
183	163	1	1
91	160	1	1
82	181	1	1
125	175	1	1
63	131	1	1
101	117	1	1
81	131	1	1
139	160	1	1
62	156	1	1
91	146	1	1
167	158	1	1
96	108	1	1
144	148	1	1
81	151	1	1
81	127	1	1
79	145	1	1
84	85	1	1
74	165	1	1
154	150	1	1
68	159	1	1
76	175	1	1
175	148	1	1
83	183	1	1
67	102	1	1
76	131	1	1
124	185	1	1
116	181	1	1
193	137	1	1
90	175	1	1
79	180	1	1
96	123	1	1
90	78	1	1
143	151	1	1
134	178	1	1
64	147	1	1
169	149	1	1
53	154	1	1
107	181	1	1
72	108	1	1
72	147	1	1
86	73	1	1
44	153	1	1
98	144	1	1
79	73	1	1
82	181	1	1
112	148	1	1
71	169	1	1
151	162	1	1
112	190	1	1
84	141	1	1
166	172	1	1
79	181	1	1
72	165	1	1
123	164	1	1
91	123	1	1
134	153	1	1
96	176	1	1
153	157	1	1
163	157	1	1
88	124	1	1
122	154	1	1
78	85	1	1
106	108	1	1
98	189	1	1
88	100	1	1
77	108	1	1
97	119	1	1
103	149	1	1
100	111	1	1
76	156	1	1
176	155	1	1
74	143	1	1
67	156	1	1
103	117	1	1
122	181	1	1
170	153	1	1
199	144	1	1
43	155	1	1
107	169	1	1
129	153	1	1
99	151	1	1
111	170	1	1
94	164	1	1
96	164	1	1
76	180	1	1
88	146	1	1
81	118	1	1
185	154	1	1
81	79	1	1
96	189	1	1
139	177	1	1
69	150	1	1
121	184	1	1
177	151	1	1
91	100	1	1
114	178	1	1
64	156	1	1
75	122	1	1
87	110	1	1
147	158	1	1
59	168	1	1
89	123	1	1
119	171	1	1
87	178	1	1
107	155	1	1
157	162	1	1
103	187	1	1
75	152	1	1
83	114	1	1
114	160	1	1
68	154	1	1
76	74	1	1
79	66	1	1
82	181	1	1
58	156	1	1
79	101	1	1
189	141	1	1
62	153	1	1
195	154	1	1
105	123	1	1
101	183	1	1
183	164	1	1
78	150	1	1
77	109	1	1
69	92	1	1
88	95	1	1
84	97	1	1
66	143	1	1
138	171	1	1
179	164	1	1
123	183	1	1
82	135	1	1
117	187	1	1
97	167	1	1
93	108	1	1
148	175	1	1
73	129	1	1
133	154	1	1
163	172	1	1
82	97	1	1
193	159	1	1
93	169	1	1
42	167	1	1
156	147	1	1
100	180	1	1
127	148	1	1
177	148	1	1
110	130	1	1
82	92	1	1
81	92	1	1
198	157	1	1
107	122	1	1
145	171	1	1
106	163	1	1
134	180	1	1
79	124	1	1
152	175	1	1
199	154	1	1
132	149	1	1
162	168	1	1
129	173	1	1
101	154	1	1
78	181	1	1
168	145	1	1
122	174	1	1
118	144	1	1
81	70	1	1
67	153	1	1
84	92	1	1
159	160	1	1
175	149	1	1
112	159	1	1
133	143	1	1
163	157	1	1
129	162	1	1
102	183	1	1
67	136	1	1
100	120	1	1
50	154	1	1
87	127	1	1
147	186	1	1
151	169	1	1
61	133	1	1
71	64	1	1
46	155	1	1
98	129	1	1
89	77	1	1
133	176	1	1
183	146	1	1
166	148	1	1
168	171	1	1
166	149	1	1
83	146	1	1
128	179	1	1
103	117	1	1
182	162	1	1
170	159	1	1
92	176	1	1
120	147	1	1
120	184	1	1
76	177	1	1
158	170	1	1
41	148	1	1
101	179	1	1
156	171	1	1
126	147	1	1
143	152	1	1
66	179	1	1
85	129	1	1
59	151	1	1
118	161	1	1
99	142	1	1
81	77	1	1
133	186	1	1
72	103	1	1
151	158	1	1
84	161	1	1
92	176	1	1
91	187	1	1
109	186	1	1
109	157	1	1
186	147	1	1
105	104	1	1
179	153	1	1
125	150	1	1
165	152	1	1
98	188	1	1
113	154	1	1
41	163	1	1
115	155	1	1
84	183	1	1
86	164	1	1
103	140	1	1
84	72	1	1
111	119	1	1
48	151	1	1
160	175	1	1
101	172	1	1
202	142	1	1
115	157	1	1
103	159	1	1
70	142	1	1
102	177	1	1
97	179	1	1
86	105	1	1
70	156	1	1
85	105	1	1
91	149	1	1